No    Name          T90cat                  T90e
1    200829A  13.0999999046326         3.07955838522709 
2    200819A  26.9439998865128         7.06033421239206 
3    200809B  4.20000004768372         0.627808900355524
4    200806A  38.6879999637604         1.00406367133862 
5    200729A  122                     34.2344855372474   
6    200716C  86.5719999074936         15.1708020454952 
7    200714E         NA                        NA
8    200713A  41.972000002861         7.98674435078993 
9    200711A  29.3600000143051         3.07170836177462 
10   200701A  38.7799999713898         8.71284933029988 
11   200630A  14.8439998626709         2.78756657779575 
12   200623A        NA                        NA
13   200612A  425.923999905586         7.26613241710644 
14   200608A  121.552000045776         33.0062664770605 
15   200529A  79.9159998893738         7.19582355717513 
16   200528A  59.9839999675751         1.92381702054219 
17   200522A  0.615999937057495         0.07858750198435
18   200519A  71.6959999799728         1.20481696025365 
19   200512A  74                      14.3178210632764     
20   200509A  828.227999925613         13.3825565010765 
21   200425A  81                        21.6621790224345     
22   200416A  6.04799997806549         0.978652094595659
23   200411A  0.21999990940094         0.044721316900383
24   200410A  108.72000002861         40.7294525960593 
25   200409A  16                       5.09901951359278     
26   200324A    NA                              NA 
27   200306C  53.1520000696182         13.7253143456788 
28   200306A  32.9639999866486         1.10926278881364 
29   200303A  94.2199999094009         6.39572365248616 
30   200228B  7.36799991130829         1.57555826006172 
31   200227A  30.3279999494553         9.20228228056807 
32   200224A  45                       9.21954445729289     
33   200219A  288                      50.5964425626941   
34   200216B  67.4479998350143         6.56804386229279 
35   200215A  11.1479998826981         2.15453477136577 
36   200205B  453.912000060081         4.49853877102946 
37   200131A  32.7399998903275         0.879054111945978
38   200127A  217.023999810219         23.5884935159922 
39   200125A  350.335999965668         32.9667786948281 
40   200122A  190.595999956131         4.51451347 
41   200115A  242.139999985695         27.2340727025964 
42   200109A  112                      32   
43   200107B  86.675999879837         11.6602347772905 
44   191228A  193.815999984741         29.8751412512363 
45   191227A  55.8880000114441         16.2818455193879 
46   191221B  48                       16   
47   191220A  175.583999991417         125.995058205559 
48   191218A  44.6640000343323         0.739134655826652
49   191213A  118.991999983788         18.2649067514448 
50   191130A  17.5599999427795         2.87687051441905 
51   191123A  284.81199991703         52.2317749194354 
52   191122A  125.735999941826         31.0497181822785 
53   191106A  3.43599987030029         0.324863016551151
54   191101A  142.707999944687         18.247231101651 
55   191031D  0.287999987602234         0.04681883850783
56   191031C  78.5                      7.50918900334979   
57   191031A  12.1319999694824         2.34751269965428 
58   191029A  41                       8.24621125123532   
59   191024A  7.08399987220764         0.978243413242523
60   191019A  64.3479999303818         4.44964942613322 
61   191017B  4.32799994945526         0.571205655072513
62   191016A  126.679999947548         7.72798026488531 
63   191011A  7.35199999809265         0.937170199615569
64   191004B  300.127999901772         81.8288380767233 
65   191004A  2.44399988651276         0.082365103837775
66   191001B  107.136000037193         9.35435393365479 
67   190926A  362.340000033379         19.6065119642314 
68   190829A  56.8959999084473         47.0011049601117 
69   190828B  715.856000065804         451.971925576952 
70   190824A  169.360000014305         5.85471026588723 
71   190821A  57.095999956131         2.59615098282311   
72   190816A  375.759999990463         92.2201941781066 
73   190727B  39.1959999799728         1.31134127710442 
74   190719C  185.827999949455         9.59720388569659 
75   190718A  704                     995.606347910659   
76   190706B  43.5839998722076         14.7978463682327 
77   190701A  52.432000041008         4.0175614563681  
78   190630C  38.3839999437332         9.30888533061143 
79   190630B  5.567999958992           0.902904151689883   
80   190627A  2.69200003147125         0.88095405095938 
81   190613B  160.819999933243         17.0842647385542 
82   190613A  17.6319999694824         3.11392230173736 
83   190611A  41.7599999904633         30.6217243001004 
84   190610A  0.631999969482422         0.10065780753086
85   190604B  220.175999879837         4.72111353731662 
86   190519A  44.4800000190735         2.58586929632961 
87   190515B  46.5119999647141         9.64451343727788 
88   190512A  40.0719999074936         11.3308527627815 
89   190511A  27.6640000343323         2.35417588983274 
90   190427A  0.191999912261963         0.20238580342438
91   190424A  9.83599996566772         3.91796534981675 
92   190422A  269.016000032425         50.7213055702129 
93   190331A  4.33599984645844         0.234776531617368
94   190326A  0.0759999752044678         0.0322489854521
95   190324A  22.7840000391006         10.149727151475   
96   190320A  63                       12.0830459735946   
97   190311A  13.9519999027252         5.3155650397405   
98   190220A  10                       2   
99   190219A  167.739999890327         12.7941918627511 
100  190211A  10.8960000276566         1.54339884541641 
101  190204A  26.3239998817444         7.5497881100902   
102  190203A  86.5600000619888         64.5798710100376 
103  190202A  15.9999998807907         5.27495512093061 
104  190123A  25.12399995327           4.06866118463902   
105  190114C  361.459999918938         11.7360333432713 
106  190114B  26.4919999837875         6.69042210499976 
107  190114A  67.095999956131          9.82942278698472   
108  190110A  9.30400002002716         0.839094768973495
109  190109B  6.51199996471405         0.79070601675249 
110  190109A  115.007999897003         33.8917526652539 
111  190106A  78.095999956131          2.08513594337612   
112  190103B  19.5199999809265         2.71679818444433 
113  181228A  255.152000069618         138.024949557979 
114  181224A  12.4879999160767         4.20341810663401 
115  181213A  15.2960000038147         1.38101413587535 
116  181203A  15.0599999427795         1.76298946536287 
117  181202A  6.55999994277954         0.615337295582842
118  181126A  2.09200000762939         0.118928534389858
119  181125A  10.5119999647141         4.7872497517333   
120  181123B  0.259999990463257         0.04560706760790
121  181110A  138.424000024796         10.9277832336458 
122  181103A  9.16800010204315         2.87293578110704 
123  181030A  303.195999979973         78.5981634979086 
124  181027A  81.3039999008179         12.1059654022228 
125  181023A  56.9839998483658         8.03310270984739 
126  181022A  7.93599998950958         2.58436520285285 
127  181020A  238.015999913216         11.5988104904574 
128  181016A  111.34399998188          25.6272959371319   
129  181013A  104.208000063896         53.6958056690979 
130  181010A  15.5639998912811         2.19279273395347 
131  181003A  25.4919999837875         4.76236281484229 
132  181002A  63.4079999923706         12.3483206791846 
133  180930A  6.80400002002716         0.955790754386789
134  180925A  82.6319999694824         23.6413051877051 
135  180924A  94.8159999847412         11.8424247997239 
136  180905A  165.34399998188         28.8994952744125   
137  180904A  4.63199985027313         1.03159098510797 
138  180828A  13                       9   
139  180823A  80.2960000038147         6.89302403001873 
140  180821A  64                      22.6274169979695     
141  180818B  137.459999918938         9.7000667230781   
142  180818A  13.7120000123978         4.05053675162408 
143  180812A  16.527999997139         0.970154591757242 
144  180809B  233.243999958038         1.12445540263143 
145  180805B  122.239999890327         18.0105578431205 
146  180805A  1.67599987983704         0.408803108661506
147  180728A  8.6839998960495         0.297321378474679 
148  180727A  1.05599999427795         0.229120086267606
149  180721A  47.6000000238419         2.98665041218178 
150  180720C  122.987999916077         31.6700540667226 
151  180720B  108.399999856949         3.6884533781446   
152  180718A  0.0839999914169312         0.0233238752907
153  180715A  0.684000015258789         0.08772689884771
154  180709A  194.807999968529         31.2153429769643 
155  180706A  42.444000005722         7.16259732479527   
156  180705A  106.783999919891         16.2025474954939 
157  180704A  19.6560000181198         1.40470642375823 
158  180630A  18.9599999189377         6.31456244704634 
159  180626A  30.1039998531342         1.41138792155805 
160  180624A  466.651999950409         35.756255947022   
161  180623A  114.879999995232         6.81986998340227 
162  180620B  223.96799993515         26.1326944119251   
163  180620A  22.9479999542236         4.98764283866462 
164  180618A  47.4239999055862         11.20164564161   
165  180614A  7.0919998884201         0.941148188501542 
166  180613A  50.8159999847412         8.35998099089474 
167  180602A  53.203999876976         10.1974963735852   
168  180514A  31.1599999666214         4.10507831355118 
169  180512A  24                        7.07106781186548     
170  180510B  134.016000032425         52.9225468980937 
171  180510A  64                       16   
172  180504A  115.263999819756         48.6950530255852 
173  180425A  11.9039998054504         2.71227132798173 
174  180418A  4.40799999237061         2.49110413778446 
175  180411A  77.9759999513626         1.00622860823171 
176  180410A  114.799999952316         14.4293076043345 
177  180407A  100.628000020981         33.9397290559484 
178  180404B  111.707999944687         6.98886220497745 
179  180404A  36.2799999713898         5.35102610066606 
180  180402A  0.179999947547913         0.03124110017331
181  180331B  78.0320000648499         4.7389450045999   
182  180331A  48                       22.6274169979695     
183  180329B  213.536000013351         49.4225729811666 
184  180329A  36                        7.28010988928052     
185  180325A  92.8279999494553         1.51999085311522 
186  180324A  7.21599996089935         1.30228724554167 
187  180316A  87                       20.591260281974      
188  180314B  55.4240000247955         6.53960234232175 
189  180314A  50.4640001058578         21.8358736047547 
190  180311A  23.039999961853         8.71246656581249   
191  180224A  10.9199999570847         3.56827627531245 
192  180222A  42.3039999008179         12.74307334245   
193  180221A  11                        3.16227766016838     
194  180205A  15.5359998941422         3.14699346489193 
195  180204A  1.16400003433228         0.117098175136296
196  180115A  39.1440000534058         2.99202276282143 
197  180113A  64                       16   
198  180111A  50.8919999599457         1.88013615903655 
199  180103A  150.400000035763         1.6   
200  180102A  11.5599999427795         1.73180249679767 
201  171222A  173.871999979019         23.8695096243794 
202  171216A  30.0799999833107         7.58609250805119 
203  171212A  304                      64      
204  171211A  2.17600005865097         0.455367963461657
205  171209A  161.647999942303         30.7587722246145 
206  171205A  190.471999943256         33.8808366621315 
207  171123A  58.4640000462532         27.0532475891225 
208  171120A  64                       16   
209  171115A  36.7719999551773         5.18024129206609 
210  171103A  4.26799994707108         1.10585354557227 
211  171102B  18.8800000548363         3.9151071896423   
212  171027A  96.7719999551773         4.9069697352188   
213  171020A  41.8560000061989         9.19157878695337 
214  171011A  2.27999991178513         0.232997893409871
215  171010B  30.4000000357628         1.6   
216  171007A  68.4239999651909         19.3288518403932 
217  171004A  105.539999961853         14.3064433213744 
218  171001A  20.9159999489784         1.35107659821179 
219  170921A  28.8000000119209         5.92553253459488 
220  170912B  17.8840000033379         7.83311223762219 
221  170912A  21.1840000152588         5.43548050044814 
222  170906C  45.0759999752045         4.80024419382997 
223  170906B  19.20                    1.6   
224  170906A  88.1119999289513         1.44479753054543 
225  170903A  27.7239999771118         4.50650779531548 
226  170827A  98.62399995327         31.7029847368173   
227  170823A  69.4079999923706         12.0317473731443 
228  170822A  64                      16   
229  170813A  72.5439999103546         12.1017426966481 
230  170810A  152.419999957085         21.4978838612162 
231  170807A  36.323999941349         7.97291137847716   
232  170804A  56.4799998998642         18.6804381880922 
233  170803A  3.81999999284744         0.236812129310609
234  170728B  47.6800000071526         26.496695635164   
235  170728A  1.24799996614456         0.246868420778323
236  170724A  98.9799999594688         20.7571577896258 
237  170714A  459.216000020504         94.6098907172477 
238  170711A  31.2119999527931         7.39057671365112 
239  170710B  54.4000000357628         1.6   
240  170710A  33.1200000047684         10.8611601354231 
241  170705A  223.203999936581         15.5520109197925 
242  170629A  34.4279999136925         12.7620332338538 
243  170626A  12.9479999542236         0.346594812827857
244  170607A  320                     172.325273828304   
245  170604A  26.527999997139         2.83976335112829   
246  170531B  170.29599994421         9.10601472374974   
247  170531A  32.3039999604225         7.92819475938395 
248  170526A  8.31199997663498         2.44560012871808 
249  170524B  46.4000000357628         1.6   
250  170524A  0.1039999127388         0.0178885800721685
251  170519A  220.251999914646         143.838515308131 
252  170516A  36.7680000066757         11.6178620823879 
253  170428A  0.199999928474426         0.07375637582924
254  170419B  65.8559999465942         11.260154565347   
255  170419A  7.77600002288818         1.75110480013101 
256  170405A  165.31200003624         32.8929220435928   
257  170331A  17.6160000562668         2.47690129067317 
258  170330A  144.46799993515         2.18785005650547   
259  170325A  0.331999897956848         0.07088015268156
260  170318B  1.07199990749359         0.221846764251316
261  170318A  116.915999948978         31.5270477928061 
262  170317A  11.9520000219345         4.87496137879083 
263  170311A  9                        2.82842712474619      
264  170307A  29.91999989748           28.176160486023   
265  170306A  21.0079999566078         6.52745339366034 
266  170208B  128.135999917984         5.7189677071751   
267  170208A  7.44799995422363         0.543293661245789
268  170206B  13.3600000143051         2.6770251832304   
269  170205A  26.1279999613762         3.1836105299692   
270  170203A  45.9039999246597         5.96155414134771 
271  170202A  37.7599999308586         11.7181140498057 
272  170131A  22.3999999761581         1.6   
273  170127B  0.512000024318695         0.14488615962996
274  170127A  67.3759999871254         12.032902197789   
275  170126A  9.53600001335144         1.58068339013808 
276  170115A  32.0439999699593         9.1692202217165   
277  170113A  20.2959999442101         4.33263519239863 
278  170112A  0.0559999346733093         0.0178885800721
279  170111A  29.8759999275208         9.71116986695626 
280  170101A  3.10400003194809         0.847999980989493
281  161224A  47.37600004673          11.5828977699689   
282  161220A  7.21999996900558         1.75425425941067 
283  161219B  6.93199992179871         0.793180905778267
284  161218A  7.19999992847443         0.545893781338456
285  161217A  12.0359999537468         2.44943262012102 
286  161214B  24.8959999680519         3.18264541986977 
287  161202A  118.495999932289         0.712474578189743
288  161129A  35.5439999699593         2.09513345944611 
289  161117B  152.311999976635         3.15355295925813 
290  161117A  125.699999928474         1.09337644623115 
291  161113A  43.4639999270439         5.28264322904351 
292  161108A  115.835999906063         11.6600351623619 
293  161105A  177.695999979973         25.073484405906   
294  161104A  0.0999999642372131         0.0178885267601
295  161022A  7.24800002574921         1.06948960555395 
296  161017A  217.047999918461         6.86324586240994 
297  161014A  23.00                    4.47213595499958  
298  161011A  4.27599990367889         1.26309465755692 
299  161007A  157.691999912262         40.5240279297954 
300  161004B  15.7199999690056         0.752191441922543
301  161004A  1.3199999332428          0.299786554107303 
302  161001A  2.59999996423721         0.385351784372164
303  160927A  0.48799991607666         0.102449944085361
304  160917A  14.5199999809265         1.8157092352809   
305  160912A  207.307999968529         16.0269435733524 
306  160905A  64                       16   
307  160827A  14.0480000376701         5.57930464366449 
308  160826A  52.6159999370575         14.392495407259   
309  160824A  99.3319999575615         7.8777916000799   
310  160821B  0.479999959468842         0.07299317090217
311  160821A  112.635999917984         1.09670048549611 
312  160819A  67.1999999880791         1.6   
313  160815A  8.56799989938736         1.8342955655889   
314  160804A  152.743999958038         19.2032148019115 
315  160801A  2.85199993848801         0.415427463220295
316  160726A  0.727999925613403         0.04308132828574
317  160716A  6.39199995994568         0.575013070049184
318  160714A  0.347999930381775         0.11264101393441
319  160712A  44.527999997139          6.37316378425992   
320  160709A  4.80000001192093         1.6   
321  160705B  54.5799999237061         12.5740159248871 
322  160703A  45.0079999566078         3.0240237791644   
323  160630A  29.5520000457764         5.60842792208861 
324  160625A  53.9199999570847         3.0991353106272   
325  160624A  0.191999971866608         0.14310837401727
326  160623A    NA                         NA
327  160612A  0.247999966144562         0.04816639177888
328  160611A  35.12399995327           6.00160015347611   
329  160607A  33.4919999837875         0.446443718595745
330  160601A  0.119999945163727         0.02262742070693
331  160525B  0.291999936103821         0.04560697873740
332  160525A    NA                         NA     
333  160519A  35.6160000562668         6.06931693447473 
334  160506A  260.527999937534         78.3182114524323 
335  160504A  53.9599999189377         5.68137024620488 
336  160501A    NA                        NA     
338  160424A  6.4640000462532         0.951697413545641 
339  160419A  9.41599994897842         1.58733111328118 
340  160417A  14.5519999265671         2.31705759617694 
341  160412A  32.1799999475479         3.93007892771808 
342  160411A  0.355999946594238         0.07560420063349
343  160410A  96                       50.5964425626941     
344  160409A  48.                       1.6   
345  160408A  0.319999933242798         0.03687816851952
346  160327A  33.7440000772476         9.37472005275709 
347  160325A  61.7239999771118         12.0532560498552 
348  160321A  33.4759999513626         4.82827839746115 
349  160314A  8.73199993371964         1.51638125570509 
350  160313A  41.5359999537468         6.18321240663874 
351  160303A  4.97599995136261         1.00625245213938 
352  160228A  98.9079999923706         23.8907387298692 
353  160227A  316.347999989986         75.7592504173685 
354  160225A  157.456000030041         70.4915463812023 
355  160223A  134.863999962807         17.4523558703056 
356  160220B  31.1159999370575         3.01692293709113 
357  160220A  8.25999993085861         1.16642363616434 
358  160216A  11                       1   
359  160203A  17.4400000572205         2.28598513042857 
360  160131A  327.751999974251         71.029021038502   
361  160127A  6.15599989891052         0.936657860780595
362  160123A  3.95199990272522         0.623246350817473
363  160121A  10.4999999403954         2.39561683996151 
364  160119A  120.13999992609         14.9846310363226   
365  160117B  11.5359999537468         2.60802764034251 
366  160117A  137                     20.3960780543711   
367  160104A  16.5639999508858         2.78765064453465 
368  151229A  1.43999993801117         0.447146548280103
369  151228B  48                       16   
370  151228A  0.275999963283539         0.03999999761581
371  151215A  17.8479999899864         1.01371396706698 
372  151210A  86.9599999785423         10.6712423189293 
373  151205B  1.43599992990494         0.237587854202095
374  151205A  64                       35.7770876399966     
375  151127A  0.187999904155731         0.04252058531436
376  151122A  36.8000000715256         1.6   
377  151118A  23.5680000185966         10.6794936132401 
378  151114A  4.85599994659424         0.976696499773356
379  151112A  58.8640000224113         22.7254134084195 
380  151111A  76.0439999103546         12.7537051608974 
381  151107A    NA                        NA   
382  151031A  5                        2.23606797749979      
383  151029A  8.95199996232986         3.9550777396026   
384  151027B  80                       35.7770876399966     
385  151027A  129.579999983311         5.46544933158177 
386  151023A  10.7599999308586         4.3722653107991   
387  151022A  117.680000007153         18.7778933407152 
388  151021A  110.055999994278         3.59386366914112 
389  151006A  211.056000053883         39.073553623331   
390  151004A  137.271999955177         17.0245339786588 
391  151001B  131.520000040531         26.8529220711676 
392  151001A  9.82799994945526         3.19957245018445 
393  150925A  122.131999969482         26.6956809453882 
394  150915A  160                      57.6888204074238   
395  150911A  7.13599991798401         0.599746645925605
396  150910A  112.272000014782         36.480140350695   
397  150907B  62.0199999213219         11.1246394732101 
398  150901A  64                       35.7770876399966     
399  150831B  6.17600005865097         1.03296077403421 
400  150831A  0.919999957084656         0.11627550390902
401  150821A  168.944000005722         102.337127308651 
402  150819A  51.6640000343323         13.6032043200312 
403  150818A  143.055999934673         21.8026197181464 
404  150817A  37.9959999322891         2.13080735521689 
405  150811A  31.5199999213219         7.31887482514508 
406  150801B  408.707999944687         29.6191441817222 
407  150728A  0.832000017166138         0.23075526985937
408  150727A  87.9559999704361         10.9851456403465 
409  150724A  280.007999956608         43.9618534887909 
410  150722A  67.3120000362396         11.7648860619575 
411  150720A  238.535999953747         44.4195098491896 
412  150716A  42.567999958992         5.58947724938619   
413  150711A  70.9559999108315         14.2134365852416 
414  150710B  13.839999973774         5.04107286296538   
415  150710A  0.151999950408936         0.06013318843161
416  150626B  48                       22.6274169979695     
417  150626A  97.2640000581741         34.9372740079621 
418  150616A  608.407999992371         104.219640720468 
419  150615A  32.6839999556541         7.48940716116703 
420  150607A  25.9879999756813         0.888740739111531
421  150530A  6.89600002765656         0.817253912009944
422  150527A  108.800000011921         84.1058050290632 
423  150530B  3.                        1.4142135623731      
424  150513A  161.563999950886         4.78045349248968 
425  150430A  106.879999995232         7.02755263860171 
426  150428B  130.947999954224         15.5505195049043 
427  150428A  53.2000000476837         15.37787291802   
428  150424A  81.055999994278         17.4800292500718   
429  150423A  0.215999901294708         0.02828424427347
430  150413A  243.595999956131         40.8285297404122 
431  150407A      NA                        NA
432  150403A  37.2959999442101         11.7165546057665 
433  150402A  14.4000000357628         1.6   
434  150323C  159.664000034332         44.6175204970225 
435  150323B  59.1999999880791         1.6   
436  150323A  149.727999925613         9.12243565164621 
437  150318A  87.4439999461174         20.8383346645468 
438  150317A  23.283999979496         0.850129364648628 
439  150314A  14.7799999713898         2.6292173945121   
440  150309A  242.039999961853         5.99635618772369 
441  150302A  23.8720000386238         8.72960939878939 
442  150301B  17.1360000371933         4.63505939155724 
443  150301A  0.483999967575073         0.14405547928988
444  150222A  15.8359999656677         6.8513079213452   
445  150213B  209                     74.2428447730823   
446  150212A  15.4880000352859         3.3182935415225   
447  150211A  13.607999920845         2.01603178353838   
448  150206A  74.9999999403954         12.6854177495456 
449  150204A  14.                       2.23606797749979   
450  150203A  24.4359999299049         2.7678207947542   
451  150202A  25.472000002861         4.82001162478996   
452  150201A  26.5919999480247         4.78816578195441 
453  150120B  24.3359999656677         3.27792376660314 
454  150120A  1.19599992036819         0.153674948708428
455  150110B  10.5799999833107         0.950166307490648
456  150103A  49.0879999995232         9.80709947303509 
457  150101B  0.0119999647140503         0.0089442367241
458  150101A  0.059999942779541         0.01131373142687
459  141229A  6.40000003576279         1.6   
460  141225A  86.1479999423027         45.2225830681134 
461  141221A  36.8159999847412         4.1037256240395   
462  141220A  7.23199993371964         0.479015658049012
463  141212B  10.5079999566078         0.685623802051872
464  141212A  0.287999987602234         0.09732416254327
465  141205A  1.664                        NA      
466  141130A  62.8559999465942         11.3720388524948 
467  141121A  481.003999948502         38.0626023493275 
468  141109B  220.503999948502         11.344304639184   
469  141109A  200.187999904156         48.1482022400133 
470  141102A  14.4000000357628         1.6   
471  141031B  15.62399995327           2.55484640013608   
472  141031A  464                     472.271108580654   
473  141026A  139.475999951363         14.8381213498224 
474  141022A  8.71599990129471         1.5595947757381   
475  141020A  14.8959999680519         2.16538681979588 
476  141017A  55.8079999089241         2.86416207927003 
477  141015A  11                       4.12310562561766     
478  141005A  3.47200006246567         0.590267725173062
479  141004A  3.92399996519089         1.11246033451304 
480  140930B  0.843999922275543         0.11988327937328
481  140927A  6.25599998235703         1.42603365502763 
482  140919A  152.304000020027         21.2798390673805 
483  140916A  68.9760000109673         9.4507904787089   
484  140909A     NA                         NA
485  140907A  80                       35.7770876399966     
486  140903A  0.295999944210052         0.03417602843138
487  140901B  6.40000003576279         1.6   
488  140828A  19.1480000019073         4.15046982043008 
489  140824A  3.08399993181229         0.49061594717433 
490  140818B  31.5520000457764         16.0461414097757 
491  140817A  258.343999922276         17.0682669281408 
492  140730A  40.8959999680519         3.37762995884474 
493  140719B  54                       12.5399362039845     
494  140719A  48                       22.6274169979695     
495  140716A  124.800000071526          1.6
497  140713A  6.01599997282028         0.728065956518166
498  140710A  3                        2.23606797749979      
499  140709B  156.731999993324         26.229642415299   
500  140709A  105.191999912262         7.38508875711292 
501  140706A  47.8439999818802         3.94170521812915 
502  140703A  68.6439999341965         66.4564438771345 
503  140629A  38.272000014782         11.6226537648559   
504  140628A  10.539999961853         0.873768858932836 
505  140626A  16.1599999666214         1.23416207233031 
506  140622A  0.131999969482422         0.03577710683233
507  140619A  233.047999978065         13.5465538223676 
508  140614B  49.8719999194145         7.994274206225   
509  140614A  77.3919999599457         15.8909127857189 
510  140611A  3.19999998807907         1.6   
511  140610A  93.2519999742508         3.35232104501482 
512  140607A  94.7680000066757         16.2354456867897 
513  140606A  0.339999973773956         0.09440341439861
514  140529A  8.14400005340576         1.51087789797795 
515  140521A  9.87599992752075         1.09238088792287 
516  140518A  60.5239999294281         2.48237949745235 
517  140516A  0.25600004196167         0.143108320705261
518  140515A  23.4159999489784         2.03603537184411 
519  140512A  154.111999928951         4.65279486164575 
520  140509A  23.216000020504         5.17115694874123   
521  140506A  111.103999972343         9.54671488141262 
522  140502A  15.1199999451637         1.88811543107599 
523  140430A  173.587999939919         3.7074196198355   
524  140428A  17.4240000247955         5.89714506804888 
525  140423A  134.143999993801         23.1033129881465 
526  140419A  80.0759999155998         3.77504441677767 
527  140414A  0.495999932289124         0.06835205686276
528  140413A  132.976000010967         14.3671135780925 
529  140412A  48                       22.6274169979695     
530  140408A  3.62799996137619         0.606155095312045
531  140402A  0.896                      NA      
532  140331A  209.655999958515         32.7518243973476 
533  140323A  106.487999975681         3.25602762888333 
534  140320A  0.512000024318695         0.23075526985937
535  140318A  7.6039999127388         1.27603289493624   
536  140311B  129.600000023842         1.6   
537  140311A  70.4800000190735         7.58769950271438 
538  140305A  20.3039999604225         5.35415206616563 
539  140304A  14.7839999198914         1.40137072052854 
540  140302A  98.7239999771118         11.404047887859   
541  140301A  27.8039999008179         8.38857342278462 
542  140215A  25.6320000290871         5.64181532462767 
543  140213A  59.9319999217987         2.70702788769182 
544  140211A  109.531999945641         26.249381548809   
545  140209A  20.432000041008         9.62708178563028   
546  140206A  94.1879999041557         18.3610798297631 
547  140129B  1.35999995470047         0.212941257677667
548  140129A  3                        1.4142135623731   
549  140118A  84.0919999480247         9.74659838496785 
550  140114A  139.947999954224         15.8801637489094 
551  140108A  95.2319999337196         3.22426050489663 
552  140103A  17.3440000414848         1.90930355320692 
553  140102A  55.0799999237061         15.4181167886652 
554  131229A  48                       16   
555  131227A  17.9879999756813         1.55097383208861 
556  131226A  7.2279999256134         0.156205012444484 
557  131224B  8.34799998998642         1.07690850813724 
558  131205A  20.3439999222755         0.938594662245004
559  131202A  30.1959999799728         8.79446555910627 
560  131128A  3                        1.4142135623731   
561  131127A  94.9719999432564         15.1360080483202 
562  131120A  130.431999981403         21.3031813750126 
563  131117A  10.8799999952316         2.81163301773906 
564  131110A  76.8000000119209         1.6   
565  131105A  112.208000063896         4.102307689173   
566  131103A  15.2079999446869         3.03467429277549 
567  131031A  6.40000003576279         1.6   
568  131030A  39.4239999651909         3.6748333110245   
569  131024B  96.8160000443459         27.4064459345517 
570  131024A  112                      35.7770876399966   
571  131018A  73.2159999608994         18.9734095686505 
572  131004A  1.53600001335144         0.326337243913619
573  131002B  52                      11.1803398874989     
574  131002A  56.5279999375343         4.10830962682656 
575  131001A  5.                       1.     
576  130929A  12.2400000095367         4.05928065016228 
577  130925A  160.29599994421         3.39040768844924   
578  130919A  99.6839999556541         26.0280581649074 
579  130913A  41.6000000238419         1.6   
580  130912A  0.283999919891357         0.02884446865857
581  130907A  364.367999970913         5.44720111538182 
582  130831B  37.5840000510216         9.54610205001519 
583  130831A  30.191999912262         2.32627165769635   
584  130829A  51.8839999437332         8.18044987657075 
585  130822A  0.043999969959259         0.01131373142687
586  130816B  8.67599999904633         2.34176005165807 
587  130816A  29.9759999513626         1.35699668952184 
588  130812A  7.62799996137619         0.546494314734789
589  130807A  293.039999902248         26.6104443523493 
590  130806A  5.77999997138977         0.411611491093137
591  130803A  43.5719999074936         1.60663619396323 
592  130727A  13.5639999508858         0.803482449981413
593  130725B  4.77599990367889         0.855083658147749
594  130725A  101.520000040531         20.2261597201198 
595  130722A  98.3679999709129         12.8608866226288 
596  130719A  146.96799993515         22.6545271268104   
597  130716A  87.6719999909401         19.9059138688552 
598  130708A  11.1999999880791         1.6   
599  130701A  4.37999993562698         0.252634126101044
600  130627B  48                      35.7770876399966     
601  130627A  18.0480000376701         5.47298824080632 
602  130626A  0.159999966621399         0.02884438600181
603  130625A  41.2719999551773         9.48464778105191 
604  130623A  17.6159999966621         1.96096301822524
605  130615A  332.555999934673         28.5450627551655 
606  130612A  4                         1.4142135623731      
607  130610A  47.7239999175072         10.7398658831923 
608  130609B  211.171999931335         17.0554920155477 
609  130609A  7.05599993467331         0.797686635421695
610  130608A  151.851999938488         10.611898224209   
611  130606A  276.65600001812         19.6308524182913   
612  130605A  10.1759999990463         3.20063996959449 
613  130604A  76.2839999198914         29.7594602090569 
614  130603B  0.175999999046326         0.02400004863739
615  130603A  69.1279999613762         23.4262938267232 
616  130529A  87.5919999480247         11.0791425584706 
617  130528A  640                     560   
618  130527A  64                       16   
619  130521A  10.9559999704361         2.50452706799813 
620  130518B  8.                       1.6   
621  130518A  81.6000000238419         1.6   
622  130515A  0.295999944210052         0.06092617526730
623  130514A  214.191999971867         17.3206323126738 
624  130511A  2.7399999499321         0.397854255722736 
625  130508A  42.9120000600815         10.1276240195608 
626  130505A  89.3440000414848         111.154229439193 
627  130504A  120.03200006485         25.3356602599086   
628  130502A  7.567999958992          4.44984135991245   
629  130427B  25.904000043869         5.97184327558282   
630  130427A  244.331999957561         4.73248855584923 
631  130420B  12.6359999775887         5.22695322379476 
632  130420A  121.135999977589         11.7493788427888 
633  130419A  85.5839999318123         49.1526537323231 
634  130418A  274.923999965191         39.3195305513169 
635  130408A  4.24000006914139         0.680705534066594
636  130327A  6.37199997901917         1.40803551100794 
637  130315A  230.507999956608         17.9689910938007 
638  130313A  0.171999931335449         0.03577708017632
639  130306A  272.379999935627         9.34031540434395 
640  130305A  52.8000000119209         1.6   
641  130216A  6.51999998092651         1.08621174877495 
642  130216B  17.6000000238419         1.6   
643  130215A  66.2240000367165         10.6648491081526 
644  130211A  30.7519999146461         6.35497978439702 
645  130206A  121                     32.3882694814033   
646  130131B  4.29999995231628         0.257402418116644
647  130131A  51.5239999294281         2.51219424154756 
648  130122A  76.5440000295639         20.7705160522924 
649  130102A  132.77999997139         17.7711381552947   
650  121229A  111.459999978542         41.3259519844239 
651  121226A  1.01199996471405         0.203214155154292
652  121217A  778.091999948025         16.1379687707901 
653  121212A  6.05599993467331         1.38059841220134 
654  121211A  182.695999920368         38.7314644051461 
655  121209A  42.9199999570847         1.4322011090572   
656  121202A  19.5359999537468         1.49226541307976 
657  121201A  38                       8.24621125123532     
658  121128A  23.4279999732971         1.64951387437372 
659  121125A  52.2519999742508         5.0375203728785   
660  121123A  326.091999948025         14.2908306292774 
661  121117A  23.2999999523163         2.89771908739386 
662  121108A  89.5479999780655         47.5364645041382 
663  121102A  54.6799999475479         13.9357388511512 
664  121031A  226.199999928474         19.3833181453972 
665  121028A  2.87599992752075         0.370599538376878
666  121027A  80.0879999399185         40.7568951405407 
667  121024A  67.9679999947548         31.7236708593267 
668  121017A  4.60799998044968         0.584071938052188
669  121014A  80                       22.6274169979695     
670  121011A  97.2359999418259         17.167971075262   
671  121001A  147.823999941349         18.6049249307883 
672  120927A  35.0559999346733         15.615164566255   
673  120923A  26.0759999752045         6.82356414870415 
674  120922A  168.223999977112         29.2386949482096 
675  120918A  25.095999956131         2.46916989103431   
676  120913B  122.587999939919         4.45621407847282 
677  120913A  36.0439999699593         5.67929154683683 
678  120911A  21.4679999351501         3.84755763774157 
679  120909A  220.595999956131         304.966835064435 
680  120907A  6.08000004291534         0.784652758243599
681  120819A  71.0199999809265         17.3326166382544 
682  120817B  0.072                      NA   
683  120817A  28.2080000042915         6.6641920130064   
684  120816A  4.432000041008         0.976917597564729   
685  120815A  7.23199999332428         2.51676054269014 
686  120811C  24.3439999222755         3.05592145665642 
687  120811A  29.0080000758171         4.93882578064389 
688  120807A  19.8839999437332         5.7625414379985   
689  120805A  48                      22.6274169979695     
690  120804A  0.807999968528748         0.08323456203526
691  120803B  39.0119999051094         7.25639468561777 
692  120803A  8.88799995183945         2.29548512418709 
693  120802A  50.2880000472069         31.035039852921   
694  120729A  93.9279999136925         36.6355554286164 
695  120728A  20.9760000705719         2.05921922729959 
696  120724A  77.9239999651909         18.6239936005719 
697  120722A  36.3200000524521         6.44498194241476 
698  120714B  157.311999976635         23.9863005360993 
699  120714A  20                       4.47213595499958   
700  120712A  14.8079999685287         3.2362150653343   
701  120711B  60.0960000157356         20.144552825529   
702  120703A  51.7039999961853         21.3961574883969 
703  120701A  14.1599999666214         0.6541070433896   
704  120630A  0.595999896526337         0.20991421317857
705  120624B  179.663999915123         1.46002191717733 
706  120612A  90.2839999198914         13.5885753730475 
707  120521C  27.067999958992         4.33578045580033   
708  120521B  146.832000017166         27.9444855556604 
709  120521A  0.51199996471405         0.143108374017273
710  120514A  164.343999922276         5.84277336502904 
711  120422A  60.3520000576973         5.72791058369858 
712  120404A  38.7239999175072         4.09199215645658 
713  120403B  7.28399991989136         1.919334249261  
714  120403A  1.39599996805191         0.225397430573168
715  120401A  130.271999955177         24.2292145034795 
716  120328A  29.9279999732971         6.66506352223562 
717  120327A  63.5319999456406         7.02858390816799 
718  120326A  69.4799999594688         8.17964784555291 
719  120324A  118.423999965191         10.0100150231936 
720  120320A  24.9759999513626         3.54538684013936 
721  120312A  14.1559999585152         4.16517039858964 
722  120311B  29.6879999637604         6.02357236760383 
723  120311A  3.47999995946884         0.819795078477236
724  120308A  61.2559999227524         16.8148358036733 
725  120305A  0.0999999046325684         0.0120000243186
726  120302A  49.6000000238419         1.6   
727  120229A  0.235999941825867         0.03687816851952
728  120224A  7                        2.23606797749979      
729  120219A  92.5279999375343         10.9226570392907 
730  120218A  31.3759999871254         2.29722614249124 
731  120215A  7.92399996519089         1.19836059316863 
732  120213A  41.0279999375343         12.7763865071505 
733  120212A  5                         2.23606797749979      
734  120211A  64.3199999928474         8.83205800550182 
735  120121A  26.7999999523163         3.41916774787436 
736  120119A  68                       7.07106781186548     
737  120118B  20.3039999604225         2.69527737315058 
738  120116A  38.0439999103546         4.14843248426438 
739  120114A  48.                      1.6      
740  120106A  63.4999999403954         4.62083798710118 
741  120102A  38.7080000042915         3.50732263817963 
742  111229A  25.3719999194145         5.58418089658764 
743  111228A  101.243999898434         5.44842881534183 
744  111225A  105.728000044823         26.179375076043   
745  111215A  373.819999992847         93.2202465729463 
746  111212A  56.3040000200272         9.35030263976235 
747  111210A  2.51599991321564         0.132060610640776
748  111209A  810.96799993515         52.1094840475323   
749  111208A  168.                     1.6   
750  111207A  16.                      1.6   
751  111204A  48                      22.6274169979695   
752  111201A  20.8000000119209         1.6   
753  111129A  8.47599995136261         1.27769322915974 
754  111126A  0.671999931335449         0.03939543236916
755  111123A  290                      88.090862182181     
756  111121A  113.331999957561         20.4203071641694 
757  111117A  0.463999927043915         0.05366560693646
758  111109A  13                        3.16227766016838     
759  111107A  31.0720000267029         7.15255476285363 
760  111103B  144.775999963284         33.9018423536708 
761  111103A  11.6159999370575         0.449319487061713
762  111029A  7.19599997997284         0.790647807535495
763  111026A  3.5799999833107         1.06421802070536   
764  111022B  83.0279999375343         12.9672758719238 
765  111022A  22.8199999928474         4.28261648505658 
766  111020A  0.38400000333786         0.093295235387701
767  111018A  32.7079999446869         4.21558726083862 
768  111016A  548.995999932289         107.373835482129 
769  111008A  62.8479999303818         2.25947693275652 
770  111005A  23.2119999527931         5.06102954240033 
771  110928A  20.879999935627         4.53487198773953   
772  110921A  32.5479999780655         4.44203784150322 
773  110915A  79.5679998993874         2.9824151713098   
774  110827A  8.51599997282028         1.10060529766742 
775  110820A  264.615999937057         8.68569143541024 
776  110818A  102.839999973774         18.0035651679316 
777  110808A  40.7040000557899         9.02859461372617 
778  110801A  385.255999922752         8.93474856746104 
779  110731A  40.944000005722         11.5923975164718   
780  110726A  5.15599995851517         1.10730662075066 
781  110719A  41.227999985218         9.59850761999267   
782  110715A  13                       4   
783  110709B  810.471999943256         10.4116434855617 
784  110709A  44.3279999494553         0.542070084896921
785  110625A  42.4999999403954         8.88972668448127 
786  110610A  49.4439999461174         6.06258690250995 
787  110604A    NA                            NA 
788  110530A  55.7280000448227         12.5300432424269 
789  110521A  96                       49.0407993409569   
790  110520A  20.8640000224113         5.36723098024146 
791  110519A  27.1839999556541         2.98085629047885 
792  110503A  58.6999999284744         47.0071018572133 
793  110422A  25.7839999198914         0.595449441244896
794  110420B  0.0839999318122864         0.0215406475404
795  110420A  13.8679999709129         1.30256362054126 
796  110414A  153.115999937057         68.9857965812378 
797  110412A  24                        4.48325596002306   
798  110411A  79.3999999761581         5.2503505399316   
799  110407A  155.567999958992         21.1666227540407 
800  110402A  56.2080000042915         5.08057952165159 
801  110319A  20.6799999475479         1.60441395332415 
802  110319B  28.4719999432564         4.81483040573427 
803  110318B  4.78799992799759         0.56483621211635 
804  110318A  15.9599999189377         1.6960849271487   
805  110315A  87.6759999394417         11.8267709656415 
806  110312A  35.1360000371933         7.78107652907125 
807  110305A  12                       2.23606797749979     
808  110223B  61.4479999542236         11.0534042221947 
809  110223A  7                         2.23606797749979      
810  110213A  48                        16   
811  110212A  3.69999998807907         0.499295502260052
812  110210A  192.887999951839         42.1038400896004 
813  110208A  15.9840000867844         3.8721984041116   
814  110207A  82.5799999833107         10.8304341416461 
815  110205A  249.415999948978         15.0347185018493 
816  110201A  14.0919999480247         2.19557738071212 
817  110128A  14.1519999504089         2.48970440314957 
818  110119A  213.927999973297         10.2112424279342 
819  110112A  0.523999989032745         0.14718700153242
820  110107A  77.                      3.60555127546399   
821  110106B  43.4240000247955         16.5948695532968 
822  110106A  3                         1.4142135623731   
823  110102A  265.915999948978         6.70215250002666 
824  101225A    NA                        NA   
825  101224A  0.24399995803833         0.042520585314364
826  101219B  41.8560000061989         5.83945205338767 
827  101219A  0.827999949455261         0.18039956529484
828  101213A  131.120000064373         41.9589506123627 
829  101204A  27.2000000476837         2.26274164922073 
830  101201A  60.8000000119209         1.6   
831  101129A  0.384                      NA  
832  101117B  5.17199999094009         1.69158382587503 
833  101114A  8.                       1.6  
834  101030A  98.6719999909401         7.12244594937172 
835  101024A  18.6919999718666         0.515379460158422
836  101023A  80.823999941349         2.11283695364665   
837  101020A  172.336000025272         29.2958033946059 
838  101017A  72.2319999337196         3.66001587388552 
839  101011A  70.891999900341         18.643600613615   
840  101008A  103.504000067711         34.0406796967367 
841  100928A  4.16000002622604         1.0160944903206   
842  100924A  71.9479999542236         4.00963842367137 
843  100917A  63.8159999251366         21.5559585471355 
844  100915A  199.195999920368         26.1886720109784 
845  100906A  114.631999969482         1.45567579568409 
846  100905A  3.39599996805191         0.503698317939263
847  100904A  31.2480000257492         5.96309181800968 
848  100902A  428.827999949455         47.2738088716741 
849  100901A  436.655999958515         21.7875108881231 
850  100823A  17.7359999418259         3.10168209249592 
851  100816A  2.88399994373322         0.625139935430045
852  100814A  177.263999998569         10.8032091478143 
853  100807A  7.74400001764297         1.43822114437232 
854  100805A  16.7359999418259         3.0689411549127   
855  100802A  487.339999973774         26.4184920237378 
856  100728B  12.0800000429153         2.73632743473403 
857  100728A  193.383999943733         10.5706947895089 
858  100727A  71.8999999165535         13.0182594444024 
859  100725B  173.695999920368         20.1570205273478 
860  100725A  123.239999949932         27.1530454699813 
861  100724A  1.38799995183945         0.15579471580594 
862  100719A  36                       9.21954445729289   
863  100704A  196.879999935627         23.3820091959079 
864  100702A  0.512000024318695        0.14310837401727
865  100628A  0.0359999537467957       0.0089442900360
866  100625A  0.331999957561493         0.03687816851952
867  100621A  63.5519999265671         1.7075502970681   
868  100619A  97.6999999880791         1.62414775065874 
869  100615A  38.8199999332428         0.816637012866886
870  100614A  225                      55.7314991723711   
871  100606A  67.3839999437332         6.31425182588449 
872  100526B  67                       15.2643375224737     
873  100526A  97.5999999642372         8.4753064967989   
874  100522A  48                       16   
875  100514A  23.0159999132156         6.614585413369   
876  100513A  83.4959999918938         21.628383198402   
877  100508A  49.2599999308586         7.42963064686218 
878  100504A  97.0039999485016         8.30478054933255 
879  100427A  24.                      1.6     
880  100425A  38.9679999351501         2.31389718317248 
881  100424A  104                     14.560219778561     
882  100423A  78.8679999709129         4.15788408231418 
883  100420A  62.9799999594688         17.5188230435795 
884  100418A  7.92799997329712         1.07807980939455 
885  100413A  192.63999992609         12.0942903797611   
886  100413B  16.                      1.6   
887  100401A  2.                       2.23606797749979     
888  100324A  6.40000003576279         1.6   
889  100322B  1.                       1.4142135623731    
890  100316D  521.879999935627         439.62352011198   
891  100316C  9.26799994707108         1.86981498371424 
892  100316B  3.83599996566772         0.425807452076879
893  100316A  6.75200003385544         0.951865531564711
894  100305A  75.6159999966621         10.4010584354437 
895  100302A  17.947999894619         1.64402065685618   
896  100224A  0.483999984264374         0.24365552055560
897  100219A  27.5719999670982         8.64985226233539 
898  100216A  0.208                              NA  
899  100213B  91.8560000061989         20.3447612447196 
900  100213A  2.21599996089935         0.257619864022535
901  100212A  163.763999938965         13.3436019227038 
902  100206A  0.115999937057495         0.01788858007216
903  100205A  25.8439999222755         4.35770214017194 
904  100203A  11.2000000476837         1.6   
905  100119A  23.0679998993874         3.22292846748935 
906  100117A  0.291999936103821         0.03224901502422
907  100115A  4.                        1.4142135623731    
908  100111A  14                      2.23606797749979   
909  091221   62.8999999165535         5.65931623683356 
910  091208B  14.8000000119209         3.36083803454341 
911  091208A  80                       16   
912  091130B  101.759999930859         24.0315634280469 
913  091127   6.9559999704361         0.150359555029189 
914  091117   0.64                         NA  
915  091112   17.5199999213219         3.84835811356733 
916  091109B  0.271999955177307         0.04681878249179
917  091109A  48.0320000648499         16.9502235222856 
918  091104   107.135999917984         19.6440599779123 
919  091102   6.6479999423027         0.466699022673212 
920  091029   39.1799999475479         4.86097931840566 
921  091026   174                      72.5275809606249   
922  091024   112.27999997139         13.7684445322825   
923  091020   38.9199999570847         4.88857609247848 
924  091018   4.36799991130829         0.597126457364303
925  090929B  357.3599999547         7.21101519245917  
926  090929A  43.2480000257492         4.4970247864705   
927  090927   2.1599999666214         0.400898948808123 
928  090926B  99.2839999198914         11.2994351566689 
929  090916   62.4480000138283         14.7346123240447 
930  090915   9.60000002384186         1.6   
931  090912   135.51599997282         15.672510959608   
932  090904B  64                      16   
933  090904A  129.531999945641         9.36527313930396 
934  090831C  77.9520000219345         14.7999221917989 
935  090827   8.                       1.6   
936  090823   25.6000000238419         1.6   
937  090815C  0.576000034809113         0.27152900633586
938  090814A  78.0640000104904         7.9849017527002   
939  090813   7.14399993419647         0.565416659857746
940  090812   74.4959999918938         15.2868744039961 
941  090809A  8.86799997091293         2.87484886958812 
942  090807A  146.351999938488         13.1963055176372 
943  090728   64                       35.7770876399966     
944  090727   301.879999995232         22.9214466904804 
945  090726   56.6759999394417         12.1653910790061 
946  090720A  4.80000001192093         1.6   
947  090715B  266.399999916553         11.596705875929   
948  090715A  64                       22.6274169979695     
949  090712   202.899999976158         44.9275542881556 
950  090709B  26.944000005722         4.51319844312174   
951  090709A  88.7439999580383         1.12051415709472 
952  090708   8.70799994468689         1.39436723529632 
953  090628   24.944000005722         4.05342179186581   
954  090621B  0.140000015497208         0.03687818791462
955  090621A  219.236000001431         72.378491614085   
956  090618   113.340000003576         0.580344719513611
957  090607   2.29200002551079         0.127121992145015
958  090531B  54.9959999918938         6.13174035585667 
959  090531A  42.8000000119209         8.08223434240787 
960  090530   40.4560000002384         7.86754039611046 
961  090529A  70.444000005722         10.3318451633557   
962  090520   14.4000000357628         1.6   
963  090519   58.0360000133514         8.18314682376177 
964  090518   85.8240000009537         23.782007304977   
965  090516A  181.00799998641         41.2551374382676   
966  090515   0.0360000133514404         0.0164924197847
967  090510   5.66399997472763         1.87637094392059 
968  090509   336.375999987125         33.264639032504   
969  090429B  5.58000001311302         0.994370163931796
970  090429A  184                      48.5077313425396   
971  090426   1.23600003123283         0.253298247287679
972  090424   49.4600000083447         2.26859604796511 
973  090423   10.3039999902248         1.05554725375129 
974  090422   8.47600001096725         0.381764329779977
975  090419   454.244000017643         56.4595861755141 
976  090418A  56.3039999902248         4.06127123381587 
977  090418B  38.                       1.   
978  090417B  266.940000027418         35.3896461975869 
979  090417A  0.0679999887943268         0.0215406475404
980  090410   165.148000001907         7.04306410648481 
981  090407   315.471999973059         55.9086580720423 
982  090404   82.0200000107288         14.4843142781929 
983  090401B  186.504000008106         39.5070207762022 
984  090401A  117.004000008106         14.0428857279561 
985  090313   83.039999961853         19.4835232932372   
986  090309A  3                        1.4142135623731  
987  090308A  25.0959999859333         5.86202596421854 
988  090307A  22                       6.40312423743285  
989  090306B  21.                      1.  
990  090305A  0.540000021457672         0.16104659259298
991  090301A  41.3720000088215         2.13565542319992 
992  090205   8.8120000064373         1.77945720942472   
993  090201   74.2640000283718         1.68066294507664 
994  090129   17.6240000128746         2.62417682817886 
995  090123   137.344000011683         22.9818726839213 
996  090118   13.5239999890327         1.88347870037055 
997  090113   9.0959999859333         0.901669553693802 
998  090111   25.2600000202656         2.65513238362588 
999  090107A  12.0840000212193         0.687069143455587
1000 090102   28.3199999928474         2.34567860066996 
1001 081230   60.6920000314713         13.4261312506135 
1002 081228   3                         1.4142135623731   
1003 081226A  0.435999989509583         0.07515316900651
1004 081222   33                        4      
1005 081221   33.9079999923706         0.921650681212753
1006 081211A  3.42399999499321         0.84217814817088 
1007 081211B  64.0000000298023         1.6   
1008 081210   145.908000022173         7.02823676443138 
1009 081203A  223                     89.9888882029331   
1010 081203B  161.600000023842         1.6   
1011 081128   102.315999984741         10.6085107395872 
1012 081127   17.3000000119209         3.54516966255674 
1013 081126   57.6480000019073         5.84667323042645 
1014 081121   17.5199999511242         2.00670876082545 
1015 081118   53.4040000140667         12.085376963383   
1016 081109A  221.487999975681         58.9712879330521 
1017 081105A  9.60000002384186         1.6   
1018 081104   64                      15.2643375224737   
1019 081102   50.3199999928474         12.6093471912768 
1020 081101   0.180000007152557         0.04252058531436
1021 081029   275.104000031948         48.9548761810702 
1022 081028A  284.423999994993         30.548726983597   
1023 081025   22.7600000202656         1.02964071782397 
1024 081024A  1.82400000095367         0.586051204050593
1025 081022   157.580000013113         41.8824727554893 
1026 081017     NA                       NA     
1027 081016B  2.61599999666214         0.792706748977127
1028 081012   28.972000002861         4.52475237177407   
1029 081011   17.0879999995232         2.81381732604774 
1030 081008   187.824000030756         38.2284553731243 
1031 081007   9.72799998521805         4.87409476255166 
1032 080928   233.659999996424         20.801387839765   
1033 080919   0.599999994039536         0.08409516747342
1034 080916B  33.5439999997616         6.96964046465048 
1035 080916A  61.3479999899864         6.68005747471514 
1036 080915B  4.05200001597404         0.607328571222746
1037 080915A  26.2879999577999         3.89810207565097 
1038 080913   7.45600003004074         0.756676955920547
1039 080906   148.212000012398         19.610295759031   
1040 080905B  120.936000019312         28.0583333245587 
1041 080905A  1.01600003242493         0.081584325590195
1042 080903   66.3400000035763         10.4208652304861 
1043 080822B    NA                          NA   
1044 080810   107.668000012636         3.47154376061863 
1045 080805   106.624000012875         15.8916330223281 
1046 080804   37.8720000088215         42.3550184846043 
1047 080802   179.503999978304         22.804894904492   
1048 080727C  77.363999992609         7.03936359051065   
1049 080727B  8.66400000452995         0.145602189925778
1050 080727A  4.91200000047684         0.915860247912174
1051 080725   92.7360000014305         49.4991723464123 
1052 080723A  17.33599999547         2.03493585994196   
1053 080721   129.695999979973         114.470290030809 
1054 080714   25.8120000064373         5.11699909044548 
1055 080710   142.988000005484         25.1402219599534 
1056 080707   30.16400000453         2.40038662775393   
1057 080703   3.5160000026226         0.805366966222884 
1058 080702A  0.512000024318695         0.18101934458171
1059 080702B  15.4120000004768         3.93351190549334 
1060 080701   17.8160000145435         6.71978603572693 
1061 080623   15.0959999859333         5.118077772016   
1062 080613B  79.4480000138283         9.4565693400353   
1063 080607   78.972000002861         3.04169689285327   
1064 080605   18.055999994278         0.888225208353073 
1065 080604   77.608000010252         13.2472380709174   
1066 080603B  59.1240000128746         1.63096534638045 
1067 080602   74.2880000174046         7.14318726944463 
1068 080524   6.40000000596046         1.6   
1069 080523   48                      22.6274169979695   
1070 080520   3.324000030756         0.861895610176173   
1071 080517   64.5079999864101         22.3013869451639 
1072 080516   5.76400002837181         0.223212908197741
1073 080515   20.8639999628067         5.16681102919937 
1074 080506   152.199999988079         14.1792185809744 
1075 080503   176                      48  
1076 080430   13.8720000088215         1.89973156912445 
1077 080426   1.7320000231266         0.383603980024552 
1078 080413B  8                         2  
1079 080413A  46.3600000143051         0.481215117373871
1080 080411   56.3280000090599         0.922752397908764
1081 080409   22.6560000181198         7.53424395861518 
1082 080405   64.                      1.60000002384186   
1083 080330   60.363999992609         36.3982559836483   
1084 080328   91.108000010252         1.68166109404395   
1085 080325   166.740000009537         32.5933250583472 
1086 080320   13.8160000145435         1.8587436576694   
1087 080319D  26.9400000274181         4.47841399106537 
1088 080319C  29.5519999861717         9.41457083506473 
1089 080319B  124.859999984503         3.09526864580048 
1090 080319A  43.6159999668598         5.54007363463985 
1091 080315     NA                          NA   
1092 080310   363.212000012398         16.901348818458   
1093 080307   124                      23.3452350598575   
1094 080303   67.5879999995232         19.6456444856086 
1095 080229A  64                       16   
1096 080218B  6.5280000269413         1.42857693147711   
1097 080218A  22.7999999523163         2.78418386954099 
1098 080212   126.312000006437         13.1998475874045 
1099 080210   42.2639999985695         11.3673740317139 
1100 080207   292.460000008345         7.98527645796442 
1101 080205   106.296000003815         4.93487059748703 
1102 080130   60.8000000417233         1.6   
1103 080129   50.1800000071526         9.16545032804407 
1104 080123   114.911999970675         55.267328797349   
1105 080121   0.32                           NA   
1106 071227   142.480000019073         48.3692418348664 
1107 071129   408.080000013113         52.3240852031849 
1108 071122   71.4320000112057         13.9282791539919 
1109 071118   105.59999999404         34.885401397567 
1110 071117   6.07600000500679         2.14872985913844 
1111 071112B  0.303999960422516         0.09050966175414
1112 071112C   NA                          NA
1113 071101   4.824000030756         1.97251515354481   
1114 071031   180.643999993801         30.3420000084132 
1115 071028A  26.8560000061989         5.42508909639097 
1116 071028B  51.2000000178814         1.6   
1117 071025   241.296000003815         35.8307999214103 
1118 071021   228.719999998808         74.010168577502   
1119 071020   4.30000001192093         0.582697189430528
1120 071018   273.567999988794         40.0731999316647 
1121 071013   75.5840000212193         25.7891412844253 
1122 071011   65.8799999952316         15.4834462517568 
1123 071010B  36.1240000128746         2.27575042634801 
1124 071010A  6.32400000095367         1.86554119492639 
1125 071010C  12.8000000119209         1.6   
1126 071008   17.9839999973774         5.13886522246629 
1127 071006   43.2000000178814         1.6   
1128 071003   148.387999981642         4.61634835482968 
1129 071001   57.4280000030994         3.87878588845114 
1130 070923   0.0399999916553497         0.0089442900360
1131 070920B  22.2560000121593         2.79212104121582 
1132 070920A  55.7600000202656         5.28902259694316 
1133 070917   8.71999999880791         1.72291033212711 
1134 070913   2.68399998545647         0.563560121493796
1135 070911   161.724000006914         5.9724691640679   
1136 070810B  0.0719999969005585         0.0233237884026
1137 070810A  9.04000002145767         2.68246155678399 
1138 070809   1.28000003099442         0.373180900662322
1139 070808   58.431999951601         11.5085832385286   
1140 070805   26.4320000112057         3.11137784326295 
1141 070802   15.8000000119209         2.50065271085923 
1142 070731   2.85600000619888         0.38907581688944 
1143 070729   0.98800003528595         0.166901148041195
1144 070724A  0.432000011205673         0.08637129817930
1145 070721B  336.863999992609         22.468004362484   
1146 070721A  3.34800001978874         0.454844996324233
1147 070714B  65.636000007391         9.50873367717039   
1148 070714A  3                        1.4142135623731   
1149 070704   384.936000019312         27.4150108395262 
1150 070628   39.080000013113         4.07110598949185   
1151 070621   33.2639999985695         2.50705882258121 
1152 070616   406.875999987125         17.313424148776   
1153 070612B  18                        4.47213595499958   
1154 070612A  365.27999997139         51.669698660941   
1155 070611   13.1839999854565         3.47093071439187 
1156 070531   44.6200000047684         6.05522751926021 
1157 070529   108.90000000596         20.731834542909   
1158 070521   38.6279999911785         2.37669014048489 
1159 070520B  96                      35.7770876399966   
1160 070520A  48                      22.6274169979695   
1161 070518   5.50400000810623         0.804114425456228
1162 070517   7.82400000095367         1.63497403007117 
1163 070509   7.82800000905991         1.16132337087018 
1164 070508   20.9000000059605         0.73174858089084 
1165 070506   5.99200001358986         1.40688165181272 
1166 070429B  0.488000005483627         0.04308133935403
1167 070429A  168                      26.9675731203236   
1168 070427   11.080000013113          0.972084349357335 
1169 070420   77.0240000188351         5.46696844651107 
1170 070419B  238.008000016212         14.3393349777117 
1171 070419A  160                      50.5964425626941   
1172 070412   33.8760000169277         5.07696445672102 
1173 070411   115.692000001669         16.8657818186081 
1174 070406   0.816                        NA      
1175 070330   6.63999998569489         0.669148709519023
1176 070328   72.1160000264645         8.4830277610073   
1177 070326   18.                      5.3851648071345   
1178 070318   130.368000030518         28.8086031720255 
1179 070306   209.243999987841         64.6099401058841 
1180 070227   3.20000001788139         1.6   
1181 070224   48                      35.7770876399966   
1182 070223   128                      32   
1183 070220   125.396000027657         20.6414407381691 
1184 070219   18                        4.47213595499958     
1185 070209   0.0680000185966492         0.0178885400881
1186 070208   64                        22.6274169979695     
1187 070129   459.748000025749         25.2120545784732 
1188 070126     NA                        NA   
1189 070125     NA                        NA
1190 070110   88.4280000030994         14.4192933401273 
1191 070107   370.299999982119         45.6328837409909 
1192 070103   18.4079999923706         1.21269449867353 
1193 061222B  37.2479999661446         6.05790721767193 
1194 061222A  100                     12.1655250605964   
1195 061218     NA                          NA   
1196 061217   0.224000006914139         0.04326663686245
1197 061210   85.2320000231266         13.0880220044292 
1198 061202   94.1879999935627         35.3442464923337 
1199 061201   0.776000022888184         0.09507891920599
1200 061126   52.6240000128746         10.7603732051911 
1201 061121   81.2159999907017         46.4024221861536 
1202 061110B  135.247999995947         17.5919828326071 
1203 061110A  44.5080000162125         5.90336208604624 
1204 061102   45.5440000295639         9.68761787874109 
1205 061028   105.812000006437         36.9372000045884 
1206 061027     NA                           NA      
1207 061021   47.8200000226498         5.63259405640524 
1208 061019   180.383999973536         6.36120237776055 
1209 061007   75.7360000014305         2.48255352208967 
1210 061006   129.791999965906         30.6774079649829 
1211 061004   6.25999999046326         0.649356614430661
1212 061002   17.6279999911785         1.96191027057147 
1213 060929   552.960000008345         26.8873894581438 
1214 060927   22.4160000085831         1.19091395444634 
1215 060926   8.824000030756           1.14368001356697   
1216 060923C  73.7279999554157         9.93160611239548 
1217 060923B  8.94800001382828         1.29634099081825 
1218 060923A  58.4920000135899         7.12725051867745 
1219 060919   9.00000002980232         1.66506215465452 
1220 060912A  5.0280000269413         0.580675464663478 
1221 060908   19.2960000038147         1.30215974506912 
1222 060906   44.5879999995232         2.59449571961208 
1223 060904B  189.980000019073         21.1618241080332 
1224 060904A  80.0600000023842         2.21841745547793 
1225 060825   7.97600001096725         0.656804374838406
1226 060814   145.071999996901         4.81903061513483 
1227 060813   15.9679999947548         3.38792445600214 
1228 060807   54.0480000078678         11.6891501764668 
1229 060805A  4.92799997329712         1.3535848370652   
1230 060804   18.188000023365         2.65723162056136   
1231 060801   0.504000008106232         0.06092620265996
1232 060729   113.044000029564         22.1282404255033 
1233 060728     NA                           NA   
1234 060719   66.9200000166893         11.554925537903   
1235 060717   3                        1.4142135623731   
1236 060714   116.06400001049         8.96865499917084   
1237 060712   30.9120000004768         6.63041235721911 
1238 060708   10.027999997139         3.67214813462298   
1239 060707   66.6440000236034         6.37671418727915 
1240 060614   109.104000002146         3.37283737294577 
1241 060607B  31.5839999914169         4.28340660161194 
1242 060607A  103.032000005245         28.06195686723   
1243 060605   79.8400000333786         6.63277919057222 
1244 060604   96                       22.6274169979695   
1245 060602A  74.8360000252724         12.9564144895898 
1246 060526   298.040000021458         22.8986889494558 
1247 060522   69.1240000128746         5.89661600721078 
1248 060516   128                      35.7770876399966   
1249 060515   52.3720000088215         5.48459115222539 
1250 060512   8.40000000596046         1.72774533861967 
1251 060510B  262.936000019312         9.03104688621087 
1252 060510A  20.1480000019073         1.10165694904649 
1253 060507   183.307999998331         6.56904864953299 
1254 060505   4                              NA  
1255 060502B  0.143999993801117         0.05059642258313
1256 060502A  28.4480000138283         9.86122264373695 
1257 060501   25.6280000209808         10.379552205759   
1258 060428B  96                       50.5964425626941     
1259 060428A  39.4799999892712         3.8208355244297   
1260 060427   62                      16.4924225024706     
1261 060424   37.6800000071526         3.47315419041859 
1262 060421   11.9960000216961         3.2577102430472   
1263 060418   109.080000013113         46.7255162820641 
1264 060413   141.124000012875         20.5971195106687 
1265 060403   30.5879999995232         4.84125316037351 
1266 060323   23.8719999492168         5.60339326124083 
1267 060322   229.472000002861         23.4945108472267 
1268 060319   10.2880000174046         1.71882867133073 
1269 060313   0.743999987840652         0.03417601796708
1270 060312   44.6560000181198         3.23408410540887 
1271 060306   60.9399999976158         3.36301769178435 
1272 060223B  10.3600000143051         0.750948756400525
1273 060223A  11.3200000226498         1.07260432986126 
1274 060219   62.0439999997616         6.24681712150771 
1275 060218     NA                             NA   
1276 060211B  27.7319999933243         7.75354601999308 
1277 060211A  126.460000008345         9.55531266524824 
1278 060210   288                     151.789327688082   
1279 060206   7.55199998617172         2.19293410472785 
1280 060204B  139.463999986649         31.4574631730999 
1281 060203   69.5240000188351         11.6385608860808 
1282 060202   192.876000016928         22.9389619670661 
1283 060124   13.4239999949932         1.2916485778453   
1284 060123      NA                          NA                        
1285 060117   16.8519999980927         0.143387570436235
1286 060116   104.831999987364         27.2568347520558 
1287 060115   139.092000007629         15.210022212775   
1288 060111B  58.8320000171661         4.2843211762303   
1289 060111A  13.2120000123978         1.16562085145432 
1290 060110   21.33599999547         2.04848920027237   
1291 060109   115.592000007629         11.1491641034503 
1292 060108   14.2200000286102         2.14442533480997 
1293 060105   54.3760000169277         1.42005071887118 
1294 060102   19                       5.09901951359278     
1295 051227   115.400000035763         14.9441675577194 
1296 051221B  42.5720000267029         5.87969658803675 
1297 051221A  1.39200001955032         0.1974638995435   
1298 051213   71.055999994278         5.11445675826237   
1299 051210   1.30000001192093         0.295194849441729
1300 051117B  9.02000001072884         1.31508175906147 
1301 051117A  140.632000029087         13.5007752244694 
1302 051114   2.                       2.23606797749979     
1303 051113   93.2960000038147         13.6124227002841 
1304 051111   64                         16  
1305 051109B  15.6960000097752         4.11711939276437 
1306 051109A  37.1999999582767         6.0690849287056   
1307 051105A  0.0559999942779541         0.0144222095322
1308 051021B  46.5119999647141         11.4295224811572 
1309 051016B  4                         0.448218708535412   
1310 051016A  21                        6.08276253029822     
1311 051012   12.8000000417233         1.6   
1312 051008   12.4079999923706         1.35531546723488 
1313 051006   35.4079999625683         8.93460687736312 
1314 051001   190.260000020266         22.8599314077769 
1315 050925   0.0920000076293945         0.0144222095322
1316 050922C  4.55200001597404         0.448017870687082
1317 050922B  157.02399995923         94.4868116047978   
1318 050916   85.1840000152588         12.7242994355077 
1319 050915B  43.0960000157356         4.40570765213235 
1320 050915A  53.419999986887         11.2722436270025   
1321 050911   16.2399999797344         0.879317904925426
1322 050908   18.2840000092983         3.28171966294318 
1323 050906     NA                          NA     
1324 050904   181.576000005007         16.3062554673326 
1325 050827   50.0320000052452         9.12902361374115 
1326 050826   29.5999999642372         6.30980951371596 
1327 050824   25.0079999566078         5.55366545321555 
1328 050822   104.291999995708         15.8205117471842 
1329 050820B  12.0640000104904         0.518906540230266
1330 050820A  240.767999976873         11.5134425819149 
1331 050819   37.7159999907017         7.33119826972135 
1332 050815   2.99200001358986         0.614751980694982
1333 050814   142.851999998093         41.6607568695614 
1334 050813   0.384000033140182         0.11194640994327
1335 050803   88.1240000128746         10.1971862853614 
1336 050802   27.4560000300407         8.16495536398989 
1337 050801   19.5680000185966         5.9376951878218   
1338 050730   154.600000023842         18.6152239866037 
1339 050726   46.4959999918938         14.4479756449802 
1340 050724   98.6840000152588         8.55663207182055 
1341 050721   104.700000017881         46.1094553424698 
1342 050717   85.0160000026226         18.8967468076688 
1343 050716   69.0200000107288         5.28801364282444 
1344 050715   187                     21.5870331449229   
1345 050714B  49.363999992609         11.2912489990715   
1346 050713B  121.695999950171         54.0234053055711 
1347 050713A  124.67199999094         62.407646704848   
1348 050712   51.3560000061989         7.86838358834463 
1349 050701   21.6960000097752         9.94378159478707 
1350 050607   48                      22.6274169979695   
1351 050603   21                       8.48528137423857   
1352 050528   11.2480000257492         1.72823149014381 
1353 050525A  8.83599999547005         0.070880201454977
1354 050509B  0.0240000188350677         0.0089442633800
1355 050509A  10.5079999864101         2.00615055583122 
1356 050507   15                       5.8309518948453    
1357 050505   58.852000027895         6.83979532780525   
1358 050502B  17.7240000069141         1.90099870011111 
1359 050422   80                      22.6274169979695   
1360 050421   8.40800002217293         3.38710555700506 
1361 050418   81.7599999904633         1.37141680359854 
1362 050416B  3.39200001955032         0.63150613607837 
1363 050416A  6.66800001263618         3.4220859219317   
1364 050412   27.5719999969006         3.5047145410041   
1365 050410   64                       16   
1366 050406   5.77600002288818         1.39300683998906 
1367 050401   32.0920000076294         0.577442637323557
1368 050326   29.440000012517         1.13471053573939   
1369 050319   151.584000006318         10.6441875246452 
1370 050318   16.1240000128746         10.9167885364736 
1371 050315   95.4000000208616         13.9633835385111 
1372 050306   158.524000003934         19.8421649107376 
1373 050223   22.6800000071526         4.48138550679673 
1374 050219B  28.7199999988079         7.12028763106389 
1375 050219A  23.8120000064373         2.25817271194732 
1376 050215B  11.0439999997616         3.93113214071415 
1377 050215A  66.4120000004768         5.30720867029319 
1378 050202   0.112000018358231         0.03124100859417
1379 050128   28                        9.05538513813742   
1380 050126   48                       22.6274169979695     
1381 050124   3.9360000193119         2.01171369047144   
1382 050117   166.648000016809         2.42293045750855 
1383 041228   56.3000000119209         7.78277277125783 
1384 041226   8.2960000038147         1.87637204199079   
1385 041224   177.56400001049         19.260284628303   
1386 041223   109.060000002384         1.80393348808729 
1387 041220   5.58400000631809         1.11335169970864 
1388 041219C  10                       1   
1389 041219B  9.85600000619888         18.6919447976637 
1390 041219A            NA                   NA
1391 041217   5.66800001263618         0.729712268822291
