gcn_number grb_id T90 T90err
7979 080714 33 9
7992 080721 16.2 4.5
8007 080723 17.3 3
8019 080725 120 75
8029 080727A 4.9 1
8030 080727B 8.6 0.2
8044 080727C 79.7 8.8
8052 080802 176 50
8067 080804 34 16
8068 080805 78 7
8082 080810 106 5
8128 080822B 64 20
8176 080903 66 11
8187 080905A 1 0.1
8188 080905B 128 16
8196 080906 147 21
8222 080913 8 1
8230 080915 14 5
8236 080915B 3.9 0.7
8243 080916A 60 7
8250 080916B 32 8
8275 080919 0.6 0.1
8338 081007 10 4.5
8351 081008 185.5 40.3
8357 081011 9 2
8363 081012 29 4
8387 081016B 2.6 0.8
8390 081017 320 50
8397 081022 160 40
8404 081024 1.8 0.6
8415 081025 23 2
8428 081028 260 40
8447 081029 270 45
8468 081102 63 16
8479 081104 59.1 13.9
8507 081109A 190 60
8526 081118 67 28
8539 081121 14 2
8557 081126 54 4
8563 081127 37 10
8574 081128 100 11
8599 081203A 294 71
8649 081210 146 8
8658 081211 3.5 0.9
8708 081221 34 1
8709 081222 24 3
8735 081226A 0.4 0.1
8749 081228 3 1.4
8759 081230 60.7 13.8
8769 090102 27 2.2
8783 090107 12.2 0.7
8800 090111 24.8 2.7
8808 090113 9.1 0.9
8844 090123 131 23
8862 090129 17.5 2.7
8870 090201 83 4
8886 090205 8.8 1.8
8923 090301A 41 2.2
8936 090305 0.4 0.1
8945 090307 22 8
8949 090308 48 22
8967 090309 3 1.4
8986 090313 78 19
9064 090401 112 15
9068 090401B 183 39
9089 090404 84 14
9104 090407 310 70
9123 090410 165 8
9138 090417A 0.072 0.018
9157 090418 56 5
9167 090419 450 50
9195 090422 8.5 0.4
9204 090423 10.3 1.1
9231 090424 48 3
9263 090426 1.2 0.3
9289 090429A 188 37
9290 090429B 5.5 1
9337 090510 0.3 0.1
9349 090509 335 32
9364 090515 0.036 0.016
9384 090516 210 65
9393 090518 6.9 1.7
9406 090519 64 10
9434 090529 NA NA
9443 090530 48 36
9460 090531 32 6
9465 090531B 80 23
9494 090607 2.3 0.1
9530 090618 113.2 0.6
9546 090621A NA NA
9551 090621B 0.14 0.04
9593 090628 20.1 4.6
9623 090708 15 3.9
9640 090709A 89 3
9641 090709B 27.2 6.6
9660 090712 145 52
9672 090715B 266 11
9680 090715A 63 18
9716 090726 67 15.2
9724 090727 302 23
9736 090728 59 18
9749 090807 140.8 13.1
9756 090809 5.4 1.3
9775 090812 66.7 14.7
9788 090813 7.1 0.6
9799 090814A 80 8
9863 090831C 3.3 1
9888 090904A 122 10
9890 090904B 47 1.7
9909 090912 144 22.6
9915 090916 63.4 15.2
9939 090926B 109.7 11.3
9955 090927 2.2 0.4
9979 090929B 360 20
9980 090929A 7 2
10040 091018 4.4 0.6
10051 091020 34.6 2.7
10072 091024 109.8 16.7
10089 091026 41.6 7.2
10103 091029 39.2 5
10121 091102 6.6 0.5
10136 091104 99.3 20
10141 091109 48 17
10152 091109B 0.3 0.03
10165 091112 17 4
10180 091117 0.43 0.05
10197 091127 7.1 0.2
10221 091130B 112.5 17.1
10264 091208A 29.1 2.5
10265 091208B 14.9 3.7
10291 091221 68.5 5.5
10322 100111A 12.9 2.1
10338 100117A 0.3 0.05
10351 100119A 23.8 4
10371 100205A 26 8
10379 100206A 0.12 0.03
10404 100212A 136 14
10417 100213B 48 16
10424 100213A 2.4 0.4
10434 100219A 18.8 5
10462 100302A 17.9 1.7
10479 100305A 69.7 8.7
10500 100316B 3.8 0.5
10501 100316A 7 0.9
10509 100316C 9.3 1.7
10511 100316D NA NA
10615 100418A 7 1
10658 100423A NA NA
10660 100420A 48 36
10670 100424A 104 15.5
10685 100425A 37 2.4
10716 100504A 97.3 7.3
10732 100508A 52 10
10753 100513A 84 21
10761 100514A 26.2 8.2
10788 100522A 35.3 1.8
10801 100526A 102 8.5
10803 100526B 64 22.6
10828 100606A 480 150
10850 100615A 39 2
10852 100614A 225 55
10864 100619A 97.5 3
10875 100621A 63.6 1.7
10891 100625A 0.33 0.03
10896 100628A 0.036 0.009
10926 100702A 0.16 0.03
10932 100704A 197.5 23.3
10964 100719A 36 9.2
10972 100724A 1.4 0.2
10988 100725A 141 27
10993 100725B 200 30
11001 100727A 84 14
11018 100728A 198.5 12.7
11023 100728B 12.1 2.4
11035 100802A 487 30
11058 100805A 15 3
11069 100807A 7.9 1.6
11094 100814A 174.5 9.4
11111 100816A 2.9 0.6
11137 100823A 16.9 3.5
11169 100901A 439 33
11202 100902A 428.8 43
11207 100904A 31.3 7.9
11218 100905A 3.4 0.5
11233 100906A 114.4 1.6
11281 100915A 200 31
11289 100917A 66 22
11295 100924A 96 16
11312 100928A 3.3 0.6
11327 101008A 104 35
11332 101011A 71.5 18.3
11347 101017A 70 3
11358 101020A 175 28
11367 101023A 80.8 2.2
11374 101024A 18.7 0.5
11388 101030A 92 50
11414 101117B 5.2 1.8
11453 101213A 135 38
11467 101219A 0.6 0.2
11475 101219B 34 5
11486 101224A 0.2 0.01
11500 101225A 1088 20
11511 110102A 264 8
11527 110106A 4.3 1.1
11533 110106B 24.8 4.8
11546 110107A NA NA
11557 110112A 0.5 0.1
11584 110119A 208 13
11614 110128A 30.7 18.1
11624 110201A 13 2.2
11646 110205A 257 25
11664 110207A 80.3 16.2
11677 110208A 37.4 7.9
11691 110210A 233 60
11703 110212A 3.3 0.5
11714 110213A 48 16
11757 110223B 54 8.5
11764 110223A 7 2.2
11776 110305A 12 2.2
11783 110312A 28.7 7.6
11793 110315A 77 12
11802 110318A 16 1.7
11804 110318B 4.8 0.6
11811 110319A 19.3 1.6
11818 110319B 14.5 2
11842 110328A NA NA
11866 110402A 60.9 6.9
11902 110407A 145 15
11921 110411A 80.3 5.2
11929 110412A 23.4 4.1
11937 110414A 152 73.2
11945 110420A 11.8 0.9
11946 110420B 0.084 0.021
11959 110422A 25.9 0.6
11995 110503A 10 3.5
12016 110519A 27.2 3
12030 110520A 15.7 1.8
12035 110521A 13.8 3.3
12049 110530A 19.6 3.1
12068 110610A 46.4 5.7
12091 110625A 44.5 10.1
12127 110709A 44.7 1
12130 110709B 55.6 3.2
12160 110715A 13 4
12175 110719A 41 7.4
12201 110726A 5.2 1.1
12217 110731A 38.8 13
12237 110801A 385 10
12262 110808A 48 23
12281 110818A 103 18
12292 110820A 256 50
12312 110827A 8.5 1.1
12331 110905A NA NA
12352 110915A 78.76 1.25
12383 110921A 48 22.63
12399 110928A 26.7 4.8
12415 111005A 26 7
12424 111008A 63.46 2.19
12445 111016A 550 105
12457 111018A 36 5
12464 111020A 0.4 0.09
12476 111022A 24.7 3.6
12485 111022B 79.1 13.5
12504 111029A 7.6 1.1
12507 111026A 3.62 1.11
12523 111103A 11.6 0.5
12524 111103B 167 35
12539 111107A 26.6 6.6
12551 111109A 13 3.2
12561 111117A 0.47 0.09
12581 111121A 119 16
12598 111123A 290 88.1
12602 111129A 7.6 1.4
12620 111204A 48 22.6
12640 111209A NA NA
12651 111210A 2.52 0.13
12671 111212A NA NA
12689 111215A 796 250
12726 111225A 106.8 26.7
12749 111228A 101.2 5.42
12776 111229A 25.4 5
12799 120102A 38.7 3.5
12815 120106A 61.6 4.1
12839 120116A 41 5
12873 120118B 23.26 4.02
12884 120119A 253.8 24.5
12889 120121A 26.1 3.1
12924 120211A 61.7 6.4
12939 120212A 5.52 1.04
12946 120213A 48.9 12
12955 120215A 26.5 8.9
12963 120218A 27.5 1
12968 120219A 90.5 10.9
12983 120224A 8.13 1.99
12998 120229A 0.22 0.03
13007 120305A 0.1 0.02
13022 120308A 60.6 17.1
13039 120311A 3.5 0.8
13041 120311B 28.2 5.5
13052 120312A 14.2 3.4
13078 120320A 25.74 3.55
13096 120324A 118 10
13120 120326A 69.6 8.3
13137 120327A 62.9 7.5
13154 120328A 24.2 6.7
13186 120401A NA NA
13195 120403A 1.25 0.19
13207 120403B 7.3 1.9
13220 120404A 38.7 4.1
13246 120422A 5.35 1.4
13291 120514A 164.4 5.8
13310 120521A 0.45 0.08
13317 120521B 31.4 4
13333 120521C 26.7 4.4
13360 120612A 90 14
13384 120624B NA NA
13404 120701A 13.8 0.7
13414 120703A 25.2 4.3
13450 120711B 60 19
13455 120712A 14.7 3.3
13472 120714A 16.2 4
13481 120714B 159 34
13503 120722A 42.4 10.5
13517 120724A 72.8 16.4
13535 120728A 22.06 2.59
13536 120729A 71.5 17.5
13559 120802A 50 31
13568 120803A 10 3.6
13572 120803B 37.5 7.9
13581 120804A 0.81 0.08
13594 120805A 48 22.63
13604 120807A 20 5.8
13633 120811A 166 52
13634 120811C 26.8 3.7
13652 120815A 9.7 2.5
13659 120816A 7.6 3.1
13669 120817A 28.2 6.8
13689 120819A 71 21
13720 120907A 16.9 8.9
13733 120909A NA NA
13749 120911A 17.8 3.9
13769 120913A 30.1 4.8
13772 120913B 126 4
13784 120918A 25.1 2.5
13806 120922A 173 33
13807 120923A 27.2 3
13828 120927A 43 18
13836 121001A 147 24
13852 121011A 75.6 12.7
13869 121014A 80 22.6
13880 121017A 4.2 0.5
13899 121024A 69 32
13910 121027A 62.6 4.8
13917 121028A 3.8 0.7
13949 121031A 226 19
13942 121102A 24.7 3.4
13961 121108A 89 48
13970 121117A 30 5
13990 121123A 317 14
13996 121125A 52.2 4.6
14011 121128A 23.3 1.6
14028 121201A 85 21
14037 121202A 20.1 1.9
14052 121209A 42.7 2
14067 121211A 182 39
14068 121212A 6.8 1.3
14096 121217A 778 16
14111 121226A 1 0.2
14123 121229A NA NA
14133 130102A 77.5 18.2
14146 130122A 64 36
14163 130131A 51.6 2.4
14164 130131B 4.3 0.26
14186 130206A 128 50.6
14197 130211A 25.1 6.3
14214 130215A 65.7 10.8
14229 130216A 6.5 1.1
14232 130216B 3.7 0.5
14277 130305A NA NA
14279 130306A NA NA
14296 130313A 0.26 0.09
14315 130315A 233.4 17.5
14343 130327A 9 2.8
14373 130408A 28 13
14392 130418A NA NA
14399 130419A 75.7 49.6
14419 130420A 123.5 13.1
14420 130420B 10.2 5.4
14469 130427B 27 7.3
14470 130427A 162.83 1.36
14550 130502A 3 0.3
14554 130504A 50 10
14589 130505A 88 10
14613 130508A 42 11
14624 130511A 5.43 2.22
14636 130514A 204 13
14658 130515A 0.29 0.06
14693 130521A 11 2.4
14694 130518B NA NA
14708 130527A 44 16
14718 130528A 59.4 3.6
14726 130529A 128 35
14736 130603A 76 19
14741 130603B 0.18 0.02
14779 130604A 37.7 4.6
14787 130605A 12.6 3.1
14819 130606A 276.58 19.31
14850 130608A 151.38 10.84
14834 130609A 7 0.8
14849 130610A 46.4 11.2
14867 130609B 210.6 15.1
14899 130615A 304 30
14916 130612A NA NA
14925 130625A 38.1 4.9
14942 130626A 0.16 0.03
14951 130627A 30.8 12.3
14952 130627B 28.6 5.8
14959 130701A 4.38 0.25
15016 130719A 177.7 20.5
15031 130725A 101.8 20.5
15041 130725B 10 3.6
15049 130727A 13.57 0.81
15063 130803A 44 2
15076 130806A 6.1 0.5
15083 130807A NA NA
15092 130812A 7.6 0.5
15105 130816A 29.97 1.36
15108 130816B 10 3.61
15116 130822A 0.04 0.01
15155 130831A 32.5 2.5
15163 130831B 37.8 10.4
15202 130907A 115.14 0.67
15216 130912A 0.28 0.03
15234 130919A 97.3 25.1
15257 130925A NA NA
15272 130929A 11.1 2.98
15293 131001A 4.9 0.3
15298 131002B 39.1 8.08
15302 131002A 55.59 3.98
15316 131004A 1.54 0.33
15354 131018A 73.22 18.97
15370 131024A 112 36
15383 131024B 64 22
15456 131030A 41.1 4
15457 131103A 17.3 4.8
15459 131105A 112.3 4.1
15487 131110A 100 10
15499 131117A 11 3.16
15508 131120A 131 20
15521 131127A 92.1 10.2
15539 131128A 3 1.41
15569 131202A 30.4 10.9
15584 131205A 37.5 9.6
15613 131226A 7.2 0.16
15620 131227A 18 1.6
15635 131229A 13.86 0.43
15662 140102A 65 15
15664 140103A 17.3 1.9
15718 140108A 94 4
15738 140114A 139.7 16.4
15750 140118A 84.15 10.79
15769 140129A 2.99 0.79
15774 140129B 1.36 0.21
15805 140206A 93.6 13.8
15812 140209A 21.3 8
15820 140211A 89.4 18.7
15836 140213A 60 2.6
15847 140215A 84.2 53.1
15906 140301A 31 5.7
15908 140302A 87.5 11.4
15927 140304A 15.6 1.9
15934 140305A 13.7 1.8
15962 140311A 71.4 9.5
15979 140311B 70 10
15996 140318A 8.43 1.27
16020 140320A 0.45 0.07
16029 140323A 104.9 2.6
16063 140331A 209 33
16073 140402A 0.031 0.003
16090 140408A 4 1.41
16103 140412A 39.6 8.2
16105 140413A 139.6 12.6
16111 140414A 0.7 0.1
16127 140419A 94.7 11
16161 140423A 134 23
16186 140428A 17.42 5.9
16200 140430A 173.6 3.7
16208 140502A 16.9 1.9
16218 140506A 111.1 9.6
16240 140509A 23.2 5.17
16258 140512A 154.8 4.88
16284 140515A 23.4 2.1
16292 140516A 0.19 0.09
16306 140518A 60.5 2.4
16316 140521A 9.88 1.09
16346 140529A 4.5 0.5
16354 140606A 0.34 0.09
16370 140607A 109.9 18.5
16382 140610A NA NA
16402 140614A 720 160
16404 140614B 49.8 7.9
16423 140619A 233.9 13.4
16438 140622A 0.13 0.04
16462 140626A 16.4 1.4
16473 140628A 10.5 0.9
16481 140629A 42 14.3
16509 140703A 67.1 67.9
16522 140705A 0.08 0.01
16539 140706A 48.3 4.3
16553 140709A 98.6 7.7
16560 140709B 155 22.3
16573 140710A 3.52 0.91
16584 140713A 5.3 0.66
16598 140716A 104 2
16613 140719A 48 23
16615 140719B 53 13.5
16652 140730A 41.3 3.7
16699 140817A 244 13
16721 140818B 18.1 5
16736 140824A 3.09 0.5
16756 140828A 18.8 4
16768 140903A 0.3 0.03
16799 140907A 79.2 31.4
16827 140916A 80.1 15.6
16839 140919A 151.3 25.6
16845 140927A 6.26 1.43
16870 140930B 0.84 0.12
16892 141004A 3.92 1.07
16893 141005A 4.34 1.08
16916 141015A 11 4.1
16927 141017A 55.7 2.8
16935 141020A 15.55 2.05
16942 141022A 8.72 1.56
16960 141026A 146 13
17010 141031A 920 10
17011 141031B 16 3.6
17044 141109A 200 47
17046 141109B 54.2 5
17083 141121A 549.9 37.4
17127 141130A 62.9 11.4
17140 141205A 1.1 0.2
17175 141212A 0.3 0.08
17176 141212B 10.5 0.7
17202 141220A 7.21 0.48
17213 141221A 36.9 4
17239 141225A 40.24 7.04
17266 150101A 0.06 0.005
17274 150103A 49.1 9.8
17300 150110B 10.6 0.95
17329 150120A 1.2 0.16
17330 150120B 24.3 3.39
17374 150201A 26.1 5.2
17401 150202A 25.7 4.3
17406 150204A 12 2
17410 150203A 25.8 5
17426 150206A 83.2 7.8
17445 150211A 13.6 2
17457 150212A 11.4 4.1
17471 150213B 181 60
17491 150222A 15.9 7.32
17519 150301A 0.48 0.14
17524 150301B 12.44 1.49
17539 150302A 23.74 8.79
17562 150309A 242 6
17581 150314A 14.79 2.64
17596 150317A 23.29 0.85
17604 150318A 83.88 12.57
17628 150323A 149.6 8.9
17637 150323C 159.4 54
17675 150403A 40.9 11.72
17701 150413A 263.6 36.7
17740 150423A 0.22 0.03
17761 150424A 91 22
17774 150428A 53.2 15.1
17776 150428B 130.9 15.6
17795 150430A 107.1 6.7
17814 150513A 162 5
17880 150527A 112 80
17890 150530A 6.62 0.84
17907 150607A 26.3 0.7
17930 150615A 27.6 5.1
17941 150616A 599.5 99.3
17973 150626A 144 66
17981 150626B 48 22.6
18002 150710A 0.15 0.06
18020 150711A 64.2 14.2
18034 150716A 44 6
18038 150720A 151 11
18048 150722A 67 12
18055 150724A 280 44
18086 150727A 88 13
18091 150728A 0.83 0.23
18110 150801B 426 30
18129 150811A 34 6.25
18148 150817A 38.8 2.1
18157 150818A 123.3 31.3
18170 150819A 52.1 12.9
18196 150821A 172.1 99
18214 150831A 1.15 0.23
18223 150831B 6.2 1
18232 150901A 64 35.8
18256 150907B 62 11.1
18268 150910A 112.2 38.3
18292 150911A NA NA
18328 150915A 164.7 49.7
18368 150925A 121 27
18382 151001B 109 17
18387 151001A 8.94 1.07
18409 151006A 203.9 41.6
18429 151021A 110.2 3.7
18452 151022A 116.7 23
18469 151023A 10.66 4.41
18496 151027A 129.69 5.55
18514 151027B 80 35.78
18527 151029A 8.95 2.32
18542 151031A 5 2.24
18568 151107A NA NA
18580 151111A 76.93 12.59
18593 151112A 19.32 31.24
18604 151114A 4.86 0.98
18622 151118A 23.4 10.5
18648 151127A 0.19 0.04
18668 151205A 62.8 12.3
18670 151205B 1.4 0.2
18683 151210A 94.9 10.4
18699 151215A 17.8 1
18751 151229A 1.78 0.44
18752 151228B 48 16
18754 151228A 0.27 0.01
18829 160104A 16.2 2.5
18882 160117A 118.58 20.46
18899 160119A 116 14
18919 160121A 12 2.4
18929 160123A 3.95 0.62
18944 160127A 6.16 0.94
18959 160131A 325 72
18998 160203A 20.2 3.2
19020 160216A 11 1
19038 160220A 8.3 1.2
19043 160220B 31.4 2.6
19066 160223A 127 8
19091 160225A 157 70
19106 160227A 316.5 75.4
19113 160228A 98.36 23.35
19148 160303A 5 0.8
19181 160313A 42.6 6.4
19188 160314A 8.73 1.52
19216 160321A 33.6 4.8
19234 160325A 64.9 14.7
19240 160327A 28 9
19263 160408A 0.32 0.04
19276 160410A NA NA
19301 160412A 31.6 4
19302 160411A 0.36 0.08
19323 160417A 15 2
19328 160419A 8.8 1.1
19338 160424A 6.3 1
19355 160425A 304.58 15.04
19376 160501A 118 19
19393 160504A 53.9 6
19397 160506A 254.5 24.9
19441 160519A 35.57 6.11
19461 160525A NA NA
19468 160525B 0.29 0.05
19494 160601A 0.12 0.02
19506 160607A 33.4 0.45
19529 160611A 34.1 5.6
19569 160624A 0.2 0.1
19592 160625A 53.9 3.1
19639 160630A 29.5 5.51
19648 160703A 44.4 2.8
19662 160705B 54.4 12.4
19705 160714A 0.35 0.11
19713 160712A NA NA
19719 160716A 6.39 0.57
19734 160726A 0.7 0.04
19749 160801A 2.85 0.41
19765 160804A 144.2 19.2
19799 160815A 8.6 1.8
19840 160821A NA NA
19844 160821B 0.48 0.07
19861 160824A 99.3 7.8
19872 160826A 52.6 14.5
19878 160827A 13.3 2.2
19896 160905A 64 16
19924 160912A NA NA
19934 160917A 16 2
19961 160927A 0.48 0.1
19974 161001A 2.6 0.4
19995 161004B 15.9 0.7
20001 161004A 1.08 0.21
20017 161007A 201.7 40.3
20032 161011A 4.3 1.3
20049 161014A 18.3 2.8
20076 161017A 216.3 6.9
20100 161022A 7.3 1
20129 161104A 0.1 0.02
20136 161105A 177.3 25.8
20151 161108A 105.1 11.9
20178 161113A 42.6 11.1
20188 161117A 125.7 1.1
20189 161117B 152.51 3.37
20220 161129A 35.53 2.09
20233 161202A NA NA
20270 161214B 24.8 3.1
20284 161217A 18.2 5.8
20293 161218A 7.1 0.6
20308 161219B 6.94 0.79
20325 161220A 6 1
20337 161224A 47.04 12.12
20353 170101A 2.43 0.49
20433 170111A 29.9 9.4
20443 170112A 0.06 0.02
20456 170113A 20.66 4.44
20471 170115A 48 22.6
20557 170126A 9.5 1.6
20565 170127A 62.26 10.39
20566 170127B 0.51 0.14
20596 170202A 46.2 11.5
20597 170203A 45.2 6.4
20613 170205A 26.1 3.2
20622 170206B 13.36 2.67
20653 170208A 7.45 0.54
20654 170208B 128.07 5.75
20829 170306A 17.8 6.7
20838 170307A 56.92 27.4
20855 170311A 6.32 0.96
20896 170317A 11.94 4.87
20912 170318A 133.7 42.8
20923 170318B 160 35.8
20967 170331A 17.57 2.57
20968 170330A 144.73 3.51
20999 170405A 164.7 35.4
21018 170419A 8.18 2
21025 170419B 77.2 9.8
21046 170428A 0.2 0.07
21102 170516A 36.78 11.61
21112 170519A 216.4 49.4
21143 170524A 0.1 0.02
21156 170526A 7.9 1.6
21186 170531B 164.13 8.82
21195 170604A 26.7 6.21
21230 170607A NA NA
21271 170626A 12.94 0.34
21287 170629A 34.4 12.7
21296 170705A 217.3 18
21313 170710A 32.6 10.5
21331 170711A 31.3 7.6
21347 170714A NA NA
21365 170724A 98 26.1
21370 170728A 1.25 0.23
21384 170728B 47.7 25.2
21412 170803A 3.82 0.23
21416 170804A 43.4 9.8
21423 170807A 48.5 11.7
21458 170810A 152.4 21.5
21473 170813A 75.5 10.9
21651 170822A 64 16
21678 170823A 69.4 11.7
21724 170827A 94 12.5
21796 170903A 29.2 4.4
21832 170906C 48.4 4.7
21838 170906A 88.1 1.5
21841 170906B NA NA
21877 170912A 21.9 5.6
21879 170912B 19.6 6.2
21912 170921A 28.9 6
21958 171001A 22.8 2
21973 171004A 107.1 14.5
21981 171007A 105 45
22006 171011A 2.27 0.24
22038 171020A 41.9 9.2
22066 171027A 96.6 4.8
22088 171102B 17.8 3.1
22099 171103A 3.9 1.11
22127 171115A 38.2 3.4
22139 171120A 64 16
22153 171123A 58.5 27.1
22184 171205A 189.4 35
22229 171209A 161.7 30.8
22241 171211A 2.32 0.59
22253 171212A 320 72
22259 171216A 30 7.5
22280 171222A 174.8 22.7
22300 180102A 10.8 1.7
22324 180111A 50.6 1.9
22332 180113A 64 16
22348 180115A 40.9 3
22380 180204A 1.16 0.12
22393 180205A 15.5 3.1
22436 180222A 64 22.6
22447 180224A 10.9 3.6
22474 180311A 23 8.7
22490 180314A 51.2 22.3
22498 180314B 73 9.4
22512 180316A 87 20.6
22533 180324A 7.2 1.3
22545 180325A 94.1 1.5
22561 180329A 9.1 1.8
22566 180329B 210 44
22574 180331A 48 22.6
22576 180331B 147 33.1
22584 180402A 0.18 0.03
22599 180404A 35.2 5.3
22601 180404B 111.5 7.1
22616 180407A 95.9 29.8
22628 180410A 100.7 13.8
22633 180411A 77.5 0.9
22658 180418A 2.29 0.83
22675 180425A 11.2 2.6
22690 180504A 88.3 44.4
22705 180510B 134.3 48.2
22720 180512A 24 7.1
22727 180514A 46.9 14.5
22755 180602A 45.4 7.1
22776 180613A 50.8 8.4
22786 180614A 7.04 0.92
22796 180618A 47.4 11.1
22815 180620A 23.16 4.82
22821 180620B 198.8 27.4
22833 180623A 114.9 6.8
22848 180624A 486.4 38.5
22862 180626A 30.07 1.42
22877 180630A 18.85 6.45
22894 180704A 19.7 1.4
22907 180705A 123.2 16.6
22921 180706A 42.7 8.7
22938 180709A 215.1 28.9
22951 180715A 0.68 0.09
22998 180720B NA NA
23000 180720C 124.2 32.7
23001 180721A 47.6 3
23047 180727A 1.1 0.2
23054 180728A 8.68 0.3
23081 180805A 1.68 0.41
23082 180805B 122.5 18.3
23123 180809B 233.2 1.1
23136 180812A 16.51 0.92
23154 180818A 13.7 4.1
23155 180818B 134.4 9.8
23166 180821A 64 22.6
23175 180823A 80.3 6.9
23188 180828A 14 8
23203 180904A 5.4 0.89
23213 180905A 165.3 28.9
23264 180924A 95.1 10.9
23273 180925A 81.7 23.25
23286 180930A 6.8 0.95
23294 181002A 63.4 12.4
23306 181003A 21.5 4.8
23321 181010A 16.4 2.2
23335 181013A 104.1 53.5
23343 181016A 111.6 26.3
23357 181020A 238 11.6
23365 181022A 6.74 2.3
23377 181023A 58 8.8
23384 181027A 81.16 10.55
23397 181030A 304.7 76.9
23405 181103A 8.38 2.41
23420 181110A 138.4 10.9
23442 181123A 220.9 55.9
23450 181125A 10.5 5
23463 181126A 2.09 0.12
23489 181202A 6.56 0.61
23500 181203A 15.3 1.75
23533 181213A 15.31 1.24
23555 181224A 12.5 4.2
23583 181228A 257.3 102.5
23606 190103B 19.5 2.7
23625 190106A 76.8 2.4
23653 190109A 115 33.5
23659 190109B 5.92 0.78
23674 190110A 9.3 0.8
23685 190114A 66.6 10.2
23721 190114B 26.5 6.7
23724 190114C NA NA
23780 190123A 24.4 4.3
23836 190202A 19.4 6.9
23872 190204A 26.4 7.5
23873 190203A 96 16
23887 190211A 12.48 1.46
23913 190219A 167.8 12.8
23914 190220A 10 2
23961 190311A 17 6.8
23980 190320A 64 12.1
24007 190324A 28.4 11.6
24020 190326A 0.08 0.03
24030 190331A 4.3 0.2
24157 190422A NA NA
24164 190424A 10.6 2.3
24330 190427A 0.3 0.1
24502 190511A 27.7 2.4
24520 190512A 40.1 11.3
24564 190515B 46.4 12.3
24606 190519A 45.58 2.86
24752 190604B 220.2 4.7
24783 190610A 0.62 0.11
24790 190611A 41.8 30.6
24819 190613A 17.6 3.1
24820 190613B 160.84 16.83
24899 190627A 1.6 0.28
24918 190630B 5.6 0.9
24941 190630C 38.4 9.3
24973 190701A 52.4 4
25003 190706B 25.16 6.35
25097 190718A 720 35.8
25129 190719C 185.7 9.7
25211 190727B 40.14 1.4
25405 190816A 375 92.9
25464 190821A 57.1 2.6
25482 190824A 169.4 5.9
25534 190828B 66.6 6.2
25579 190829A 58.2 8.9
25860 190926A 368.9 20.9
25930 191001B 108.9 15.1
25953 191004A 2.44 0.08
25955 191004B 37.7 14.9
26003 191011A 7.37 0.95
26012 191016A 219.7 183.35
26030 191017B 5.95 1.28
26046 191019A 64.35 4.45
26071 191024A 7.08 0.98
26110 191029A 39.5 7.9
26131 191031A 19.1 6.3
26132 191031C 93.2 19
26133 191031D 0.29 0.05
26167 191101A 137.95 22.83
26198 191106A 3.42 0.35
26275 191122A 153.3 38.3
26286 191123A 275.1 102.4
26418 191213A NA NA
26495 191218A 44.67 0.73
26535 191220A 175.55 125.93
26562 191221B 48 16
26607 191228A 166.9 10.2
26608 191227A 58.5 14.4
26670 200107B 86.68 11.64
26692 200109A 112 32
26780 200115A 158.4 32.6
26861 200122A 174.96 14.54
26897 200125A 350.83 34.03
26939 200127A 216.9 23.5
26967 200131A 32.74 0.88
27010 200205A NA NA
27012 200205B 458 5.4
27098 200215A 11.7 2.2
27117 200216B 81.3 13
27148 200219A 288 50.6
27194 200224A 45 9.2
27246 200227A 32.8 9.7
27273 200228B 7.37 1.58
27311 200303A 94.2 6.4
27346 200306A 32.87 1.13
27353 200306C 53.5 12.8
27443 200324A NA NA
27519 200409A 17.91 5.2
27545 200411A 0.22 0.04
27578 200410A 108.8 40.7
27601 200416A 5.04 0.73
27650 200425A 81 21.7
27713 200509A 828.2 13.4
27742 200512A 74 14.3
27771 200519A 71.88 1.28
27793 200522A 0.62 0.08
27839 200528A 58.7 1.4
27868 200529A 79.57 7.26
27913 200608A 119.2 34.7
27924 200612A 171.48 19.74
28051 200630A 14.83 3.63
