Name       RA      Dec  perr  T90  flu fle   P1 p1e  Phi  Sp     Phie
200612A	302.691	-45.354	1.5	171.48	38	2	0.7	0.2	1.34  PL	0.09
200608A	309.628	-31.194	2.3	119.2	15	2	0.7	0.3	2.05  PL	0.22
200529A	238.756	-11.076	1.2	79.57	32	2	1.8	0.3	1.89  PL	0.10
200528A	176.637	58.185	1.0	58.7	180	0	17.5	0.5	1.62  CPL	0.14
200522A	5.668	-0.264	1.6	0.62	1.1	0.1	1.5	0.2	1.45  PL	0.17
200519A	255.319	-30.393	1.0	71.88	120	2	20.6	0.5	1.42  PL	0.03
200512A	7.417	-2.217	1.5	74.0	8.1	1.0	0.4	0.1	1.68  PL	0.18
200509A	116.415	-4.634	1.7	828.2	73	4	1.5	0.2	1.67  PL	0.09
200425A	85.217	-13.399	2.0	81.0	12	2	0.7	0.2	1.30  PL	0.21
200416A	335.691	-7.525	1.4	5.04	8.7	0.8	3.8	0.5	1.76  PL	0.15
200411A	47.686	-52.320	1.6	0.22	0.86	0.11	1.1	0.2	0.95  PL	0.19
200410A	299.644	51.745	2.9	108.8	12	2	1.8	0.3	1.41  PL	0.31
200409A	60.555	-50.243	2.7	17.91	2.3	0.6	1.2	0.2	2.14  PL	0.44
200405B	62.7894	-51.5326 4	NA	NA	NA	NA	NA	NA	NA NA 
200325A	31.7203	-31.816	4	NA	NA	NA	NA	NA	NA	NA  NA 
200324A	222.682	35.931	1.1	NA	23	2	0.7	0.2	1.72  PL	0.15
200306C	198.577	11.263	1.3	53.5	28	2	1.3	0.3	0.83  PL	0.12
200306A	101.114	-62.010	1.0	32.87	100	2	7.0	0.3	1.06  CPL	0.15
200303A	212.695	51.358	1.0	94.2	130	0.0	5.0	0.3	1.39  PL	0.17
200228B	252.007	16.964	2.5	7.37	3.0	0.6	1.0	0.4	2.27  PL	0.36
200228A	333.898	-42.944	3	NA	NA	NA	NA	NA	NA	NA  NA
200227A	56.433	9.489	1.0	32.8	71	2	5.7	0.4	1.15  CPL	0.19
200224A	248.743	41.666	3.5	45.0	2.9	0.9	0.4	0.1	1.69  PL	0.51
200219A	342.595	-59.101	2.4	288.0	7.4	1.1	2.4	0.2	1.47  PL	0.25
200216B	160.452	19.468	1.0	81.3	16	1	1.5	0.2	0.81  CPL	0.52
200216A	311.437	-11.658	3	NA	NA	NA	NA	NA	NA	NA NA
200215A	34.100	12.775	1.0	11.7	11	1	2.7	0.2	1.41  PL	0.09
200205B	107.760	-56.488	1.8	458.0	54	2	2.0	0.2	1.36  CPL	0.22
200131A	3.067	51.121	1.2	32.74	70	1	26.9	0.6	1.32  PL	0.04
200127A	295.206	44.934	2.4	216.9	24	3	0.7	0.2	1.64  PL	0.19
200125A	228.069	-8.142	1.8	350.83	87	4	4.0	0.2	1.95  PL	0.08
200122A	210.010	27.548	1.0	174.96	110	3	9.1	0.4	1.60  PL	0.05
200115A	56.453	5.607	1.1	158.4	100	0.0	3.6	0.3	1.29  CPL	0.24
200109A	307.116	52.988	1.2	112.0	21	2	0.7	0.2	1.31  PL	0.14
200107B	107.067	-83.716	1.2	86.68	30	2	1.9	0.2	1.41  PL	0.10
191228A	5.341	-8.650	2.4	166.9	20	2	0.6	0.2	2.06  PL	0.14
191227A	319.172	-16.717	1.2	58.5	250	10	21.8	1.3	1.30  PL	0.05
191221B	154.831	-38.152	1.1	48.00	190	10	4.8	0.7	1.24  PL	0.05
191220A	281.335	26.679	3.0	175.55	11	3	1.1	0.4	2.12  PL	0.40
191218A	301.070	-40.277	1.4	44.67	78	4	6.3	0.9	1.12  PL	0.10
191213A	224.530	-9.745	2.2	NA	    21	2	0.5	0.2	1.49  PL	0.16
191130A	133.137	5.017	1.7	17.6	6.86	0.6	1.1	0.2	1.95  PL	0.13
191123A	215.289	22.823	2.2	275.1	12	2	1.2	0.2	1.67  PL	0.25
191122A	54.290	-32.176	1.0	153.3	66	3	3.1	0.4	1.24  CPL	0.28
191106A	269.356	46.046	1.7	3.42	3.2	0.3	1.1	0.2	0.89  PL	0.17
191101A	251.845	43.740	1.7	137.95	19	2	1.3	0.3	1.78  PL	0.18
191031D	283.269	47.645	1.4	0.29	4.1	0.4	4.3	0.4	0.80  PL	0.15
191031C	115.880	-62.322	1.3	93.2	72	3	4.6	0.5	1.60  PL	0.07
191031A	233.490	6.109	2.0	19.1	9.0	1.1	1.0	0.2	1.38  PL	0.19
191029A	352.140	-40.464	1.8	39.5	11	1	1.1	0.3	1.77  PL	0.21
191024A	10.129	-67.138	1.3	7.08	4.7	0.4	1.6	0.2	1.78  PL	0.14
191019A	340.035	-17.340	1.0	64.35	100	3	5.7	0.4	2.25  PL	0.05
191017B	245.131	-73.583	1.8	5.95	5.6	0.7	1.9	0.3	1.82  PL	0.20
191016A	30.268	24.508	1.5	219.70	65	4	1.5	0.2	1.55  PL	0.09
191011A	44.729	-27.853	1.5	7.37	3.3	0.4	1.8	0.2	1.94  PL	0.17
191004B	49.200	-39.637	1.0	37.7	25	1	5.0	0.2	1.10  PL	0.08
191004A	31.716	-36.932	1.1	2.44	13	1	7.8	0.5	1.35  PL	0.08
191001B	86.423	-15.880	3.6	108.9	46	3	1.8	0.4	1.58  PL	0.11
190926A	100.616	59.531	2.3	368.9	25	2	0.6	0.2	2.14  PL	0.18
190829A	44.542	-8.958	1.9	58.2	64	7	18.0	2.7	2.56  PL	0.21
190828B	251.838	27.287	1.0	66.6	42	2	2.3	0.2	1.29  PL	0.07
190824A	215.323	-41.900	1.7	169.4	85	4	5.0	0.5	1.62  PL	0.08
190821A	250.070	-34.027	1.3	57.1	24	1	2.8	0.3	2.03  PL	0.10
190816A	341.183	-29.745	1.7	375.0	98	6	1.3	0.3	1.62  PL	0.11
190727B	126.500	-13.272	1.0	40.14	180	3	20.9	0.7	1.41  PL	0.03
190719C	240.208	13.005	1.2	185.7	51	3	5.5	0.3	1.64  PL	0.09
190718A	336.605	-41.184	2.4	720.0	3.6	0.6	1.0	0.2	1.38  PL	0.26
190706B	107.443	-29.575	2.2	25.16	5.8	0.9	1.4	0.2	1.90  PL	0.23
190701A	28.131	58.899	2.4	52.4	8.7	1.5	1.2	0.3	1.91  PL	0.27
190630C	293.890	-32.759	1.1	38.4	23	2	2.0	0.3	1.96  PL	0.11
190630B	223.729	41.528	2.0	5.6	    2.8	0.4	1.1	0.2	1.36  PL	0.24
190627A	244.843	-5.302	2.7	1.60	0.99	0.22	1.1	0.3	2.38  PL	0.38
190613B	305.434	-4.655	1.9	160.84	23	3	5.7	0.7	1.84  PL	0.24
190613A	182.552	67.244	2.2	17.6	17	3	1.5	0.7	1.22  PL	0.26
190611A	324.689	-56.070	3.0	41.8	4.6	1.6	0.9	0.3	1.88  PL	0.54
190610A	46.244	-7.66	1.9	0.62	4.1	0.5	3.9	0.5	0.32  PL	0.27
190604B	297.546	-32.975	1.0	220.2	177	4	7.3	0.4	1.81 PL	0.04
190519A	114.758	-38.813	1.7	45.58	180	10	20.6	1.7	1.32  CPL	0.24
190515B	98.826	52.322	1.5	46.4	16	1	1.1	0.2	1.74  PL	0.15
190512A	82.402	-7.582	2.9	40.1	13	1	1.0	0.2	2.07  PL	0.14
190511A	126.443	-20.252	1.5	27.7	74	5	6.2	1.2	1.19  PL	0.10
190427A	280.217	40.304	2.4	0.3	1.3	0.2	1.6	0.3	1.17  PL	0.21
190424A	48.693	20.239	1.4	10.6	12	1	2.0	0.3	1.45  PL	0.13
190422A	182.126	-60.167	2.4	NA	65	3	2.6	0.2	1.76  PL	0.08
190331B	326.258	-54.555	NA	NA	NA	NA	NA	NA	NA	NA  NA
190331A	28.573	27.635	1.4	4.3	4.5	0.4	2.8	0.2	1.24  PL	0.15
190326A	341.652	39.914	1.6	0.08	0.63	0.08	1.55	0.30	-0.76  CPL	0.92
190324A	49.603	-47.212	1.0	28.4	72	2	11.9	0.5	1.46  PL	0.06
190320A	117.824	-45.876	1.9	64.0	27	3	1.3	0.5	1.20  PL	0.20
190311A	212.067	53.486	1.3	17.0	9.1	0.9	1.8	0.3	1.80  PL	0.17
190220A	330.128	-76.669	1.3	10.0	8.9	1.0	2.6	0.4	0.79  CPL	0.77
190219A	189.686	76.606	1.6	167.8	39	2	1.9	0.2	2.24  PL	0.10
190211A	196.652	41.976	2.3	12.48	6.5	1.2	1.9	0.4	1.51  PL	0.33
190204A	351.491	54.884	1.0	26.4	130	3	30.5	0.9	1.30  PL	0.04
190203A	22.603	55.736	1.0	96	150	5	3.1	0.6	1.06  PL	0.06
190202A	166.506	9.393	1.9	19.4	60	5	7.8	1.5	1.32  PL	0.13
190123A	53.175	45.505	1.7	24.4	8.4	1.1	1.0	0.2	1.13  PL	0.23
190114C	54.503	-26.938	1.0	361.5	830	10	101.0	1.5	1.43  PL	0.02
190114B	174.868	18.882	2.3	26.5	5.1	1.0	0.5	0.2	1.98  PL	0.28
190114A	65.543	2.196	1.7	66.6	8.0	1.2	0.5	0.2	2.06  PL	0.22
190110A	276.939	-53.643	1.0	9.3	25	1	9.0	0.5	1.66  PL	0.07
190109B	55.563	63.592	1.4	5.92	4.8	0.5	1.7	0.2	1.58  PL	0.16
190109A	33.213	38.111	1.0	115.0	55	3	1.9	0.3	0.36  CPL	0.47
190106A	29.877	23.839	1.0	76.8	60	2	5.5	0.3	1.43  CPL	0.21
190103B	212.561	35.254	1.3	19.5	120	10	16.3	1.5	0.99  CPL	0.29
181228A	49.831	13.212	1.0	257.3	100	3	9.5	0.5	1.45  PL	0.06
181224A	125.949	6.194	1.9	12.5	4.9	0.6	1.0	0.2	1.27  PL	0.20
181213A	248.210	78.500	1.9	15.31	15	2	2.1	0.6	1.57  PL	0.20
181203A	108.341	-39.783	1.3	15.30	7.8	0.7	1.1	0.2	1.79  PL	0.15
181202A	280.737	27.976	2.0	6.56	2.5	0.4	0.9	0.2	1.61  PL	0.24
181126A	152.350	-29.698	1.5	2.09	3.1	0.4	2.7	0.3	-0.13  CPL	0.75
181125A	268.391	-2.634	2.2	10.5	3.3	0.6	1.5	0.3	1.57  PL	0.31
181123B	184.354	14.619	1.9	0.26	1.2	0.2	1.3	0.3	0.72  PL	0.28
181110A	302.330	-36.878	1.4	138.4	99	3	3.7	0.3	2.02  PL	0.05
181103A	197.093	52.220	2.0	8.38	2.8	0.5	0.8	0.2	1.90  PL	0.27
181030A	146.916	14.657	1.1	304.7	62	3	0.8	0.2	1.77  PL	0.09
181027A	225.361	30.937	1.1	81.16	28	2	1.2	0.2	1.42  PL	0.09
181023A	248.322	19.581	2.0	58.0	13	2	1.0	0.3	1.74  PL	0.24
181022A	56.808	-29.374	2.6	6.74	1.9	0.4	0.4	0.2	0.78  PL	0.41
181020A	13.987	-47.372	1.0	238.0	81	3	7.7	0.3	1.25  PL	0.06
181016A	231.273	-35.307	1.8	111.6	19	2	0.7	0.3	1.51  PL	0.20
181013A	207.661	40.107	3.3	104.1	3.0	1.4	0.5	0.2	1.82  PL	0.75
181010A	52.574	-23.023	1.4	16.4	6.9	0.7	1.4	0.2	1.52  PL	0.15
181003A	52.481	-33.991	1.7	21.5	4.2	0.7	0.6	0.1	-0.20  CPL	1.12
181002A	64.739	15.248	1.8	63.4	8.8	1.3	0.6	0.2	2.15  PL	0.23
180930A	76.894	-25.124	2.2	6.80	2.1	0.4	NA	0.2	1.86  PL	0.28
180925A	315.212	-64.450	1.5	81.70	41	3	3.1	0.6	1.53  PL	0.13
180924A	49.207	-58.524	1.4	95.1	14	1	0.6	0.1	1.94  PL	0.14
180905A	91.038	-4.592	1.7	165.3	42	3	1.0	0.3	1.60  PL	0.12
180904A	274.260	46.640	2.4	5.40	2.4	0.4	0.5	0.2	1.02  PL	0.30
180828A	268.704	-25.791	1.0	14.0	88	3	17.8	0.9	0.89  PL	0.06
180823A	210.358	14.901	1.0	80.3	78	2	2.3	0.2	1.58  PL	0.05
180821A	7.739	-38.612	2.3	64.00	14	3	NA	NA	1.79  PL	0.31
180818B	104.227	39.310	1.7	134.4	23	2	1.2	0.2	1.77  PL	0.12
180818A	169.698	-48.344	2.3	13.7	2.6	0.6	0.6	0.2	2.15  PL	0.36
180812A	245.839	74.674	2.3	16.51	8.0	1.4	1.9	0.4	1.22  PL	0.27
180809B	299.712	-15.293	1.0	233.2	730	10	26.3	0.6	1.26  PL	0.02
180805B	25.877	-17.475	3.1	122.5	9.6	1.7	1.7	0.2	1.13  PL	0.29
180805A	167.575	-45.327	2.1	1.68	1.1	0.3	1.1	0.2	1.58  PL	0.32
180728A	253.574	-54.037	1.0	8.68	296	6	132.0	2.9	1.97  PL	0.03
180727A	346.639	-63.066	1.1	1.1	2.7	0.2	3.6	0.2	0.59  CPL	0.51
180721A	347.708	4.871	1.8	47.6	5.9	0.9	0.9	0.1	1.25  PL	0.22
180720C	265.655	-26.634	1.7	124.2	24	2	1.1	0.2	1.39  PL	0.13
180720B	0.528	-2.925	1.2	NA	860	10	67.9	2.6	1.36  PL	0.03
180718A	336.019	2.790	3.0	0.08	NA	NA	NA	NA	NA	NA NA
180715A	235.085	-0.899	2.0	0.68	1.3	0.2	1.2	0.2	0.74  PL	0.27
180709A	38.086	60.333	1.6	215.1	14	2	0.6	0.2	1.37  PL	0.23
180706A	181.687	66.044	1.1	42.7	24	1	3.2	0.2	1.90  PL	0.08
180705A	212.605	-11.640	2.1	123.2	20	3	0.7	0.3	1.63  PL	0.22
180704A	32.605	69.965	1.3	19.7	62	4	9.6	1.2	1.22  PL	0.10
180630A	48.885	-87.476	1.0	18.85	18	1	6.6	0.4	2.07  PL	0.10
180626A	243.569	14.759	1.0	30.07	48	2	4.1	0.4	1.64  PL	0.27
180624A	318.096	-2.356	1.3	486.4	58	3	1.4	0.2	1.91  PL	0.10
180623A	214.528	-60.268	1.0	114.9	120	2	5.6	0.2	1.45  PL	0.04
180620B	357.514	-57.954	1.0	198.8	100	3	3.6	0.2	1.30  CPL	0.20
180620A	279.890	23.239	1.0	23.16	58	2	7.7	0.4	1.72  PL	0.05
180618A	169.948	73.825	1.5	47.4	6.7	1.0	2.2	0.2	1.39  PL	0.27
180614A	3.073	46.969	1.9	7.04	2.1	0.3	0.7	0.1	1.53  PL	0.26
180613A	211.545	-43.082	1.8	50.8	NA	NA	NA	NA	NA	NA NA
180602A	142.343	32.080	1.5	45.4	16	1	0.9	0.2	1.72  PL	0.11
180514A	197.382	36.970	1.3	46.9	10	1	0.7	0.1	1.77  PL	0.14
180512A	201.940	21.404	1.9	24.0	4.2	0.7	0.6	0.2	2.10  PL	0.27
180510B	77.965	-62.320	1.7	134.3	21	2	1.2	0.2	2.00  PL	0.17
180510A	276.335	-31.917	1.0	40.4	62	2	8.9	0.5	1.06  CPL	0.23
180504A	331.144	-14.665	1.3	88.3	22	2	0.8	0.2	1.50  PL	0.13
180425A	64.450	-32.949	1.5	11.2	11	1	2.2	0.3	1.35  PL	0.13
180418A	170.132	24.925	1.2	2.29	3.2	0.2	3.0	0.2	1.44  PL	0.12
180411A	356.840	66.790	1.0	77.5	120	0	6.1	0.2	1.46  PL	0.03
180410A	95.974	12.804	1.9	100.7	22	2	0.7	0.2	1.46  PL	0.13
180407A	35.236	33.513	1.8	95.9	14	2	0.9	0.2	1.94  PL	0.20
180404B	53.390	-50.213	1.0	111.5	120	2	5.2	0.2	1.35  PL	0.04
180404A	83.540	-37.168	1.1	35.2	13	1	1.3	0.2	1.95  PL	0.12
180402A	251.923	-14.928	2.0	0.18	1.4	0.2	1.8	0.3	0.52  PL	0.30
180331B	196.781	61.735	2.0	147.0	19	2	2.8	0.3	2.48  PL	0.22
180331A	66.005	13.386	1.9	48.0	6.1	1.0	0.5	0.1	0.11  CPL	1.04
180329B	82.905	-23.694	1.8	210.0	33	3	1.4	0.4	0.97  CPL	0.56
180329A	329.314	-15.043	2.3	9.1	2.3	0.4	0.5	0.2	1.39  PL	0.31
180325A	157.416	24.461	1.1	94.1	65	2	9.4	0.3	1.18  PL	0.05
180324A	76.581	56.744	1.4	7.2	5.6	0.5	4.4	0.3	1.45  PL	0.14
180316A	265.422	0.737	1.5	87.0	49	4	3.3	0.5	1.46  PL	0.12
180314B	297.855	23.634	2.0	73.0	9.6	1.4	1.1	0.2	2.41  PL	0.25
180314A	99.208	-24.530	3.1	51.2	110	4	7.9	0.6	0.83  CPL	0.25
180311A	3.379	-54.491	2.3	23.0	3.3	0.7	0.6	0.2	1.78  PL	0.29
180224A	202.675	38.073	1.3	10.9	4.7	0.5	1.4	0.2	2.11  PL	0.18
180222A	256.537	-36.819	1.6	64.0	7.9	1.0	0.4	0.1	1.40  PL	0.21
180205A	126.819	11.536	1.1	15.5	10	1	3.4	0.3	2.04  PL	0.13
180204A	330.123	30.852	1.1	1.16	4.8	0.3	3.6	0.3	1.09  PL	0.10
180115A	12.040	-15.632	1.8	40.9	7.6	1.1	0.6	0.2	1.66  PL	0.22
180113A	19.211	68.682	1.0	64	48	2	2.5	0.2	1.08  PL	0.06
180111A	149.782	48.254	1.0	50.6	102	2	4.9	0.3	1.30  PL	0.03
180103A	159.585	-53.555	3	NA	NA	NA	NA	NA	NA	NA NA
180102A	203.078	62.161	1.5	10.8	3.5	0.4	1.0	0.1	2.01  PL	0.18
171222A	148.273	35.624	1.7	174.8	19	2	0.7	0.2	2.07  PL	0.17
171216A	212.013	-50.500	2.1	30.0	4.8	1.0	0.8	0.2	1.63  PL	0.30
171212A	293.920	20.597	1.7	320	34	3	0.7	0.2	2.23  PL	0.14
171211A	98.154	-58.689	1.8	2.32	2.4	0.3	2.3	0.3	1.77  PL	0.21
171209A	139.387	-30.523	1.2	161.7	75	3	1.6	2	1.58  PL	0.07
171205A	167.423	-12.599	1.6	189.4	36	3	1.0	0.3	1.41  PL	0.14
171123A	186.198	32.503	2.4	58.5	4.8	1.0	0.8	0.2	1.35  PL	0.34
171120A	163.774	22.461	1.2	64	86	3	11.4	0.5	1.06  CPL	0.28
171115A	278.392	9.118	1.5	38.2	6.9	0.8	0.6	0.1	1.76  PL	0.18
171103A	249.510	-10.206	1.5	3.90	3.8	0.4	3.6	0.3	1.31  PL	0.18
171102B	288.096	22.434	2.1	17.8	9.3	1.4	1.2	0.4	1.16  PL	0.24
171027A	61.683	-2.601	1.2	96.6	75	2	3.0	0.2	1.25  CPL	0.18
171020A	39.260	15.199	1.8	41.9	12	1	0.7	0.2	1.04  PL	0.20
171011A	236.766	-10.064	1.0	2.27	11	1	7.0	0.4	1.68  PL	0.08
171010B	34.123	-54.410	1.6	30.4	3.9	0.5	NA	NA	1.41  PL	0.18
171007A	135.635	42.930	3.6	105	2.9	1.1	0.4	0.1	1.38  PL	0.52
171004A	139.150	52.684	1.3	107.1	30	2	0.9	0.3	1.67  PL	0.12
171001A	22.080	-11.928	2.2	22.8	6.4	0.8	0.9	0.2	1.48  PL	0.19
170921A	26.840	30.880	1.8	28.9	6.7	0.8	0.8	0.2	1.76  PL	0.17
170912B	215.464	-61.997	1.0	19.6	24	1	5.7	0.3	1.88  PL	0.07
170912A	167.386	-54.343	2.1	21.9	11	1	2.0	0.4	2.04  PL	0.21
170906C	128.659	70.805	1.0	48.4	88	3	7.2	0.5	1.30  CPL	0.22
170906B	232.221	-28.251	3	NA	NA	NA	NA	NA	NA	NA NA
170906A	203.949	-47.088	1.3	88.1	320	0	10.9	0.4	1.21  CPL	0.10
170903A	254.532	34.985	1.3	29.2	24	2	3.9	0.5	1.94  PL	0.12
170827A	276.189	-40.202	1.9	94.0	14	1	0.4	0.2	1.29  PL	0.18
170823A	188.713	35.549	1.0	69.4	26	1	3.7	0.2	2.06  PL	0.09
170822A	94.375	55.000	2.1	64	64	4	4.2	0.7	1.80  PL	0.09
170813A	201.057	-5.527	3.4	75.5	19	2	0.8	0.2	1.17  PL	0.14
170810A	187.928	3.664	1.0	152.4	48	2	1.2	0.2	1.24  PL	0.07
170807A	143.434	-17.348	1.5	48.5	8.6	0.8	1.4	0.2	1.82  PL	0.15
170804A	6.404	-64.781	1.3	43.4	13	1	0.9	0.2	1.67  PL	0.13
170803A	174.947	-16.312	1.0	3.82	9.8	0.4	6.5	0.3	0.65  CPL	0.28
170728B	238.019	70.111	2.3	47.7	6.2	1.1	1.21	0.24	-1.10  CPL	1.71
170728A	58.901	12.169	2.1	1.25	0.71	0.14	1.1	0.2	-0.49  CPL	1.81
170724A	150.057	-1.025	2.4	98.0	11	2	0.5	0.2	1.46  PL	0.23
170714A	34.322	1.962	2.2	NA	28	3	0.4	0.2	1.76  PL	0.17
170711A	45.782	47.845	1.0	31.3	14	1	4.8	0.2	1.75  PL	0.10
170710B	43.122	42.679	1.0	54.4	24	1	1.2	0.2	1.38  PL	0.08
170710A	231.851	-38.523	3.5	32.6	7.4	1.7	1.0	0.3	1.91  PL	0.37
170705A	191.708	18.298	1.0	217.3	95	3	13.9	0.4	1.65  PL	0.05
170629A	129.963	-46.585	1.3	34.4	26	2	4.1	0.6	1.66  PL	0.12
170626A	165.409	56.479	1.0	12.94	82	2	23.6	0.6	1.26  CPL	0.14
170607A	7.358	9.225	1.0	NA	75	3	NA	NA	1.61  PL	0.07
170604A	342.645	-15.406	1.4	26.70	51	4	4.2	0.9	1.31  PL	0.12
170531B	286.901	-16.414	1.5	164.13	20	2	0.8	0.2	1.95  PL	0.14
170531A	121.218	-14.017	2.4	26.74	7.5	1.2	NA	NA	1.22  PL	0.28
170526A	4.723	1.277	2.4	7.9	1.6	0.4	0.3	0.2	1.25  PL	0.42
170524B	90.864	-17.086	3	46.4	66	2	0.3	NA	1.15  PL	0.06
170524A	319.488	48.603	2.0	0.10	0.37	0.06	0.5	0.1	1.07  PL	0.24
170519A	163.429	25.374	1.5	216.4	11	2	0.7	0.1	1.94  PL	0.26
170516A	41.543	-55.929	1.6	36.78	8.5	0.9	1.3	0.2	1.13  CPL	0.87
170428A	330.051	26.913	1.2	0.20	2.8	0.2	2.8	0.2	0.76  PL	0.12
170419B	60.494	-15.121	1.4	77.2	19	2	2.4	0.2	1.47  PL	0.13
170419A	79.854	-21.433	1.7	8.18	3.1	0.5	1.5	0.2	2.06  PL	0.26
170405A	219.824	-25.236	1.3	164.7	37	3	NA	NA	1.59  PL	0.12
170331A	323.778	-24.406	2.0	17.57	9.7	1.6	1.2	0.4	0.37  CPL	1.19
170330A	283.331	-13.458	1.6	144.73	56	3	4.5	0.3	1.38  PL	0.09
170325A	127.483	20.526	2.0	0.3	0.88	0.13	1.1	0.2	1.06  PL	0.26
170318B	284.229	6.335	3.7	160.0	5.5	1.9	0.1	0.1	1.84  PL	0.59
170318A	305.662	28.408	1.2	133.7	37	3	1.2	0.3	1.35  PL	0.11
170317A	93.087	50.500	1.0	11.94	13	1	3.5	0.3	0.80  CPL	0.49
170311A	280.539	-30.041	2.0	6.32	2.5	0.5	0.8	0.2	1.38  PL	0.32
170307A	13.510	9.538	2.5	56.92	13	2	1.4	0.3	1.88  PL	0.23
170306A	263.087	-44.765	2.4	17.8	8.3	1.4	1.3	0.4	1.98  PL	0.28
170208B	127.145	-9.027	1.0	128.07	61	2	8.4	0.2	1.18  CPL	0.21
170208A	166.544	-46.786	1.4	7.45	15	1	5.4	0.6	1.04  PL	0.13
170206B	271.784	11.175	2.2	13.36	3.2	0.6	0.4	0.2	1.42  PL	0.27
170205A	262.157	-0.058	1.0	26.1	38	1	4.3	0.3	1.85  PL	0.06
170203A	332.861	25.186	2.2	45.2	6.2	1.1	0.8	0.2	1.53  PL	0.29
170202A	152.526	5.021	1.0	46.2	33	1	4.7	0.3	1.68  PL	0.07
170131A	341.447	64.006	3	NA	NA	NA	NA	NA	NA	NA NA
170127B	19.997	-30.340	1.9	0.51	1.0	0.2	1.1	0.2	0.89  PL	0.25
170127A	174.382	-45.827	2.4	62.26	5.2	1.0	0.3	0.2	1.10  PL	0.30
170126A	263.623	-64.755	1.0	9.5	28	3	7.3	1.1	1.54  PL	0.14
170115A	332.145	13.750	1.9	48.0	4.7	0.8	0.2	0.1	1.45  PL	0.25
170113A	61.735	-71.933	1.3	20.66	6.7	0.7	1.1	0.1	0.75  CPL	0.59
170112A	15.232	-17.233	2.5	0.06	0.13	0.04	0.3	0.1	1.17  PL	0.34
170111A	20.688	-32.541	2.1	29.9	8.1	1.1	0.9	0.2	1.64  PL	0.21
170101A	267.089	11.642	1.1	2.43	60	2	54.4	2.0	1.87  PL	0.06
161224A	204.820	-18.028	1.9	47.04	8.2	1.3	0.8	0.3	-0.21  CPL	1.56
161220A	350.841	-47.480	2.0	6	1.7	0.3	0.5	0.1	2.01  PL	0.25
161219B	91.717	-26.801	1.0	6.94	15	1	5.3	0.4	1.29  CPL	0.35
161218A	245.250	-4.113	1.0	7.1	67	1	17.6	0.5	0.56  CPL	0.16
161217A	150.658	52.344	2.1	18.2	1.9	0.4	0.4	0.1	2.70   NA     0.35
161214B	3.857	7.342	1.0	24.8	21	1	2.2	0.2	1.76  PL	0.09
161202A	356.904	19.652	1.0	NA	86	3	5.9	0.3	1.55  PL	0.05
161129A	316.221	32.137	1.8	35.53	36	1	3.4	0.2	1.57  PL	0.06
161117B	298.830	-67.681	1.5	152.51	60	2	6.0	0.3	1.39  CPL	0.28
161117A	322.053	-29.612	1.0	125.7	200	0.0	6.8	0.3	1.19  CPL	0.12
161113A	179.794	-5.316	1.0	42.60	15	1	1.4	0.2	1.73  PL	0.10
161108A	180.776	24.905	1.9	105.1	11	1	0.6	0.1	1.85  PL	0.17
161105A	120.198	-44.763	1.2	177.3	61	2	1.4	0.2	1.02  CPL	0.24
161104A	77.906	-51.447	1.8	0.1	0.31	0.05	0.6	0.1	1.57  PL 0.20
161022A	128.988	54.366	2.1	7.3	7.5	1.0	1.6	0.4	1.14  PL	      0.21
161017A	142.770	43.125	1.0	216.3	53	2	2.8	0.2	1.55	 NA   0.06
161014A	332.626	7.467	1.5	18.3	19	2	2.9	0.6	1.47  PL	0.15
161011A	245.687	8.313	2.4	4.3	2.3	0.4	0.9	0.3	1.15  PL	0.35
161007A	103.408	23.289	1.6	201.7	13	2	0.4	0.1	1.46  PL	0.18
161004B	112.156	-39.896	1.0	15.9	88	2	10.1	0.4	1.21  CPL	0.13
161004A	263.127	-0.947	2.2	2.1	0.95	0.16	1.3	0.33	1.26  PL	0.33
161001A	71.923	-57.261	1.0	2.6	6.7	0.4	3.5	0.2	1.14  PL	0.09
160927A	256.268	17.334	1.8	0.48	1.5	0.2	1.9	0.3	1.12  PL	0.26
160917A	295.652	46.400	1.5	16	13	1	2.2	0.3	0.89  PL	0.15
160912A	301.595	57.585	2.7	NA	37	3	1.6	0.2	1.43  PL	0.11
160905A	162.249	-50.803	1.0	64	150	2	6.3	0.3	1.04  PL	0.03
160827A	179.274	-29.178	2.4	13.3	4.0	0.7	0.7	0.2	1.95  PL	0.25
160826A	183.120	-67.664	2.6	52.6	4.9	0.9	0.4	0.1	1.54  PL	0.29
160824A	80.087	40.039	1.2	99.3	26	2	1.3	0.2	1.64  PL	0.11
160821B	280.005	62.387	1.4	0.48	1.0	0.1	1.7	0.2	0.11  CPL	0.88
160821A	171.254	42.345	1.0	NA	72	2	2.8	0.6	1.52  PL	0.06
160815A	288.616	84.298	1.0	8.6	14	1	4.7	0.4	0.96  CPL	0.41
160804A	221.652	10.002	1.3	144.2	114	3	2.9	0.3	1.40  CPL	0.23
160801A	212.763	13.485	1.8	2.85	1.7	0.3	1.2	0.2	1.85  PL	0.22
160726A	98.809	-6.617	1.3	0.7	2.6	0.2	3.2	0.3	1.26  PL	0.13
160716A	190.502	-61.364	2.0	6.39	1.8	0.3	0.8	0.2	2.29  PL	0.30
160714A	234.490	63.809	2.7	0.35	0.69	0.16	1.1	0.3	1.38  PL	0.37
160712A	304.166	-26.965	1.3	NA	26	2	2.4	0.4	1.18  PL	0.13
160709A	235.996	-28.188	2.4	4.8	4.5	0.7	2.7	0.4	1.11  PL	0.28
160705B	168.107	46.707	2.3	54.4	7.3	1.1	0.5	0.2	1.79  PL	0.27
160703A	287.414	36.913	1.0	44.4	90	2	5.8	0.3	1.34  PL	0.04
160630A	198.238	-56.029	1.4	29.50	12	1	1.2	0.2	1.32  PL	0.14
160625A	176.939	-65.142	1.0	53.9	33	1	3.0	0.2	2.08  NA	0.07
160624A	330.210	29.667	2.6	0.2	0.40	0.09	0.5	0.1	0.57  PL	0.45
160612A	348.364	-25.375	3	NA	1.16	0.12	NA	NA	0.74  PL	0.17
160611A	164.417	-70.396	1.2	34.1	17	1	2.0	0.3	1.67  PL	0.12
160607A	13.661	-4.952	1.0	33.4	210	0	21.8	0.5	1.15  CPL	0.10
160601A	234.923	64.532	1.9	0.12	0.66	0.11	0.9	0.2	1.04  PL	0.24
160525B	149.438	51.197	2.2	0.29	0.32	0.08	0.9	0.2	1.89  PL	0.35
160525A	103.575	-0.199	3.4	NA	1.9	0.7	0.06	0.02	2.58  PL	0.54
160519A	71.122	31.246	2.2	35.57	12	2	2.4	0.5	1.95  PL	0.25
160506A	265.857	-46.127	1.6	254.5	15	2	0.4	0.3	2.09  PL	0.21
160504A	170.073	56.002	1.7	53.9	7.3	0.9	0.7	0.1	1.88  PL	0.20
160501A	286.389	-17.249	1.8	118	9.5	1.3	0.5	0.2	0.6  CPL	1.3
160425A	280.339	-54.343	3.5	304.58	21	2	2.8	0.2	2.20  PL	0.18
160424A	319.482	-60.408	1.2	6.3	12	1	5.1	0.4	1.40  PL	0.10
160419A	16.418	-27.341	1.0	8.8	35	2	8.9	0.7	0.76  CPL	0.33
160417A	120.260	7.646	1.9	15	5.9	0.8	1.0	0.3	1.93  PL	0.24
160412A	33.074	-67.636	1.0	31.6	19	1	1.6	0.2	1.88  PL	0.08
160411A	349.370	-40.258	2.4	0.36	0.80	0.18	1.5	0.3	1.43  PL	0.28
160410A	150.695	3.461	1.5	8.2	7.8	0.8	3.5	0.3	0.93  PL	0.17
160409A	289.705	-5.390	3	NA	NA	NA	NA	NA	NA	NA NA
160408A	122.561	71.128	1.8	0.32	1.6	0.2	2.1	0.3	0.85  PL	0.25
160327A	146.698	54.018	1.0	28	14	1	1.8	0.2	1.84  PL	0.11
160325A	15.697	-72.702	1.0	64.9	71	2	5.2	0.2	1.27  PL	0.04
160321A	99.420	5.753	1.6	33.6	5.3	0.7	0.5	0.1	1.89  PL	0.19
160314A	112.766	17.024	1.7	8.73	2.8	0.4	0.9	0.2	1.53  PL	0.22
160313A	183.821	57.278	2.0	42.6	5.8	0.8	0.4	0.1	1.36  PL	0.23
160303A	168.710	22.710	2.1	5.0	1.5	0.3	1.0	0.1	1.01  PL	0.33
160228A	107.311	26.946	1.3	98.36	20	1	1.2	0.1	1.31  PL	0.11
160227A	195.034	78.672	2.8	316.5	31	2	0.6	0.1	0.75  CPL	0.51
160225A	164.217	53.659	1.9	157	16	2	1.0	0.2	1.55  PL	0.23
160223A	147.603	9.369	1.0	127	50	2	3.1	0.2	1.34  PL	0.07
160220B	259.851	-18.123	1.0	31.4	70	2	6.6	0.4	0.75  CPL	0.20
160220A	236.942	-18.539	1.8	8.3	5.2	0.7	1.0	0.3	1.55  PL	0.24
160216A	311.679	-71.550	1.0	11.0	20	1	7.3	0.5	1.48  PL	0.08
160203A	161.967	-24.772	1.7	20.2	12	1	1.3	0.4	1.93  PL	0.20
160131A	78.170	-7.037	1.1	325	204	5	6.4	0.3	1.24  PL	0.05
160127A	225.966	0.080	1.8	6.16	3.3	0.5	1.4	0.3	0.99  CPL	1.11
160123A	150.277	-33.790	1.6	3.95	3.5	0.4	1.3	0.2	1.51  PL	0.16
160121A	109.080	-23.590	1.2	12.0	6.1	0.5	1.2	0.2	1.77  PL	0.13
160119A	211.916	20.453	2.0	116	71	2	2.9	0.2	1.68  PL	0.05
160117B	132.190	-16.340	3	NA	NA	NA	NA	NA	NA	NA NA
160117A	20.367	-0.677	1.8	118.58	31	2	1.4	0.2	2.14  PL	0.11
160104A	76.808	11.334	1.7	16.2	4.0	0.5	1.0	0.2	1.76  PL	0.19
151229A	329.363	-20.732	1.0	1.78	5.9	0.4	7.2	0.4	1.84  PL	0.10
151228B	344.431	8.081	1.0	48.0	24	1	1.0	0.2	1.09  CPL	0.34
151228A	214.017	-17.665	1.8	0.27	0.84	0.11	0.9	0.2	0.85  PL	0.20
151215A	93.622	35.529	2.8	17.8	3.1	0.7	1.6	0.2	1.99  PL	0.33
151210A	65.080	-71.225	1.8	94.9	13	2	0.8	0.2	0.82  CPL	0.79
151205B	41.190	-43.461	2.3	1.4	0.77	0.16	0.7	0.2	1.74  PL	0.33
151205A	229.291	35.767	1.3	62.8	14	1	0.6	0.1	1.17  PL	0.13
151127A	19.664	-82.762	2.8	0.19	0.23	0.06	0.4	0.1	1.26  PL	0.33
151122A	299.704	-19.899	3	NA	NA	NA	NA	NA	NA	NA NA
151118A	57.169	65.889	1.4	23.4	4.5	0.6	1.2	0.1	1.80  PL	0.20
151114A	120.947	-61.033	1.8	4.86	3.7	0.6	2.9	0.4	2.14  PL	0.25
151112A	2.050	-61.680	2.6	19.32	9.4	1.2	1.9	0.2	1.77  PL	0.21
151111A	56.850	-44.154	1.0	76.93	17	1	1.0	0.1	0.79  CPL	0.45
151107A	217.139	-59.680	2.7	NA	NA	NA	NA	NA	NA	NA NA
151031A	83.189	-39.125	1.3	5.00	3.2	0.3	1.7	0.2	2.41  PL	0.18
151029A	38.537	-35.356	1.8	8.95	3.9	0.6	1.8	0.3	0.49  CPL	1.08
151027B	76.188	-6.428	2.4	80.00	15	3	NA	NA	1.83  PL	0.27
151027A	272.498	61.361	1.1	129.69	78	2	6.8	0.6	1.72  PL	0.05
151023A	271.012	-8.289	1.8	10.66	2.6	0.4	1.1	0.2	2.24  PL	0.24
151022A	349.223	55.812	2.3	116.7	11	2	0.8	0.2	1.98  PL	0.29
151021A	337.647	-33.189	1.0	110.2	280	10	9.7	0.8	1.57  PL	0.04
151006A	147.426	70.508	1.0	203.9	69	2	2.6	0.2	1.56  PL	0.06
151004A	213.613	-64.956	2.3	128.40	10	1	0.4	0.1	1.95  PL	0.23
151001B	336.974	64.637	2.1	109	14	2	0.5	0.3	2.12  PL	0.27
151001A	233.722	10.984	1.1	8.94	6.7	0.5	1.3	0.2	1.17  PL	0.11
150925A	227.538	-19.640	2.0	121	14	2	0.6	0.2	2.19  PL	0.20
150915A	319.675	-34.874	2.3	164.7	8.0	1.8	0.5	0.2	2.51  PL	0.42
150911A	67.428	5.731	1.0	7.2	21	1	5.2	0.3	1.02  CPL	0.26
150910A	5.677	33.466	2.3	112.2	48	4	1.1	0.4	1.42  PL	0.12
150907B	255.265	-63.798	1.8	62.0	11	2	1.0	0.2	0.17  CPL	1.03
150901A	183.609	25.076	2.7	64.0	4.5	1.3	NA	NA	2.72  PL	0.53
150831B	271.030	-27.243	2.0	6.2	14	2	6.1	1.1	1.87  PL	0.19
150831A	221.034	-25.619	1.3	1.15	3.8	0.3	3.4	0.3	0.81  PL	0.16
150821A	341.913	-57.883	1.7	172.1	7.9	1.9	NA	NA	2.10  PL	0.37
150819A	42.340	9.787	2.8	52.1	4.8	0.9	0.3	0.1	1.72  PL	0.27
150818A	230.340	68.342	1.1	123.3	41	2	2.4	0.3	1.96  PL	0.09
150817A	249.635	-12.050	1.0	38.8	59	1	9.6	0.3	1.78  PL	0.04
150811A	291.347	-15.434	1.9	34.00	4.9	0.8	0.5	0.2	2.13  PL	0.27
150801B	82.961	-5.374	1.4	426	31	2	2.5	0.2	1.84  PL	0.14
150728A	292.271	33.906	2.6	0.83	0.33	0.1	0.5	0.1	2.02  PL	0.48
150727A	203.968	-18.320	1.0	88	37	2	1.0	0.2	1.14  PL	0.07
150724A	97.549	-19.147	1.9	280	22	2	0.9	0.2	2.06  PL	0.15
150722A	218.297	-35.196	2.8	67	6.1	0.9	0.4	0.1	1.79  PL	0.26
150720A	119.577	-28.281	1.5	151	5.6	1.0	0.3	0.1	2.61  PL	0.33
150716A	278.481	-12.978	1.1	44	15	1	0.8	0.1	1.54  PL	0.10
150711A	221.624	-35.464	1.0	64.2	43	2	3.8	0.4	1.79  PL	0.08
150710B	83.191	-46.960	1.2	15	3.5	0.1	8.3	0.3	0.99  CPL	0.09
150710A	194.484	14.309	1.5	0.15	0.71	0.09	0.7	0.1	0.63  PL	0.20
150626B	187.627	66.794	1.9	48.0	10	1	0.6	0.2	1.36  PL	0.21
150626A	111.353	-37.803	1.9	144	18	2	0.4	0.3	2.11  PL	0.19
150616A	314.713	-53.403	1.2	599.5	190	10	2.9	0.4	1.37  CPL	0.25
150615A	107.554	-22.466	1.8	27.6	5.5	0.7	0.6	0.2	1.84  PL	0.21
150607A	140.015	68.436	1.2	26.3	23	2	4.9	0.5	0.99  CPL	0.41
150530B	7.496	44.290	3	NA	1.25	0.2	NA	NA	1.7  PL	0.2
150530A	327.511	57.519	1.2	6.62	18	1	4.1	0.6	1.49  PL	0.11
150527A	288.962	4.195	1.0	112	31	2	0.3	0.2	1.69  PL	0.10
150513A	49.044	-22.868	1.0	162	54	2	2.9	0.3	1.40  PL	0.07
150430A	326.481	-27.919	1.6	107.1	69	5	5.0	1.0	1.43  PL	0.12
150428B	292.661	4.114	1.3	130.9	37	3	1.4	0.3	1.0  CPL	0.5
150428A	188.539	6.967	1.2	53.2	63	3	3.0	0.5	1.28  PL	0.09
150424A	152.305	-26.646	1.0	91	15	1	12.0	0.4	1.23  PL	0.15
150423A	221.601	12.264	1.9	0.22	0.63	0.10	0.9	0.1	0.84  PL	0.24
150413A	190.396	71.839	1.9	263.6	43	4	1.6	0.3	1.75  PL	0.14
150407A	216.603	38.541	3	NA	NA	NA	NA	NA	NA	NA NA
150403A	311.505	-62.706	1.0	40.90	170	3	17.6	-.6	1.23  PL	0.04
150402A	173.658	40.992	2.5	14	NA	NA	NA	NA	NA	NA NA
150323C	192.625	50.165	2.4	159.4	13	3	1.1	0.3	2.09  PL	0.32
150323B	260.447	38.316	1.5	60	NA	NA	NA	NA	NA	NA NA
150323A	128.173	45.442	2.1	149.6	61	2	5.4	0.3	1.85  PL	0.07
150318A	324.990	-61.461	1.2	83.88	25	2	1.1	0.2	2.00  PL	0.12
150317A	138.995	55.477	1.7	23.29	6.5	0.6	1.2	0.2	1.52  PL	0.16
150314A	126.661	63.839	1.0	14.79	220	3	38.5	0.9	1.08  PL	0.03
150309A	277.004	86.417	1.9	242	170	0	9.0	0.3	1.05  CPL	0.16
150302A	175.515	36.852	2.8	23.74	2.6	0.6	0.4	0.1	1.69  PL	0.33
150301B	89.159	-57.969	1.0	12.44	18	1	3.0	0.2	1.46  PL	0.07
150301A	244.281	-48.732	1.9	0.48	0.74	0.10	1.0	0.2	1.44  PL	0.23
150222A	198.787	-12.151	1.0	15.90	22	1	4.7	0.3	1.61  PL 	0.08
150213B	253.448	34.165	1.8	181	30	4	1.1	0.4	0.80  CPL	0.79
150212A	285.497	47.389	1.2	11.4	8.9	0.6	1.9	0.2	1.50  PL	0.11
150211A	254.846	55.390	1.0	13.6	NA	NA	NA	NA	NA	NA NA
150206A	10.076	-63.181	1.0	83.2	139	3	10.1	0.4	1.33  PL	0.04
150204A	160.241	-64.043	1.5	12	8.0	0.4	1.85	0.12	1.62  PL	0.10
150203A	98.394	6.952	1.1	25.8	9.1	0.6	0.9	0.1	1.90  PL	0.12
150202A	39.261	-33.132	1.7	25.7	6.1	0.7	1.0	0.2	1.50  PL	0.19
150201A	11.820	-37.620	1.7	26.1	7.8	1.2	NA	NA	2.32  PL	0.24
150120B	39.309	8.064	2.3	24.30	5.4	0.8	1.2	0.2	2.20  PL	0.25
150120A	10.330	33.980	1.5	1.20	1.4	0.2	1.8	0.2	1.81  PL	0.18
150110B	289.374	32.529	1.2	10.6	4.9	0.4	1.4	0.2	1.89  PL	0.13
150103A	131.674	-48.896	2.0	49.1	8.2	1.3	0.5	0.2	-0.03  CPL	1.01
150101B	188.044	-10.956	2.5	0.018	0.23	0.06	NA	NA	3.3  PL	0.5
150101A	312.599	36.669	2.5	0.060	0.23	0.05	0.3	0.1	1.26  PL	0.31
141229A	72.42829 -18.76772 	2.5	7	15	3	1.2	0.5	1.29  PL	0.17
141225A	138.754	33.774	2.2	40.24	25	2	1.3	0.4	1.32  PL	0.15
141221A	198.283	8.197	1.1	36.9	21	1	3.1	0.2	1.74  PL	0.08
141220A	195.058	32.146	1.2	7.21	26	1	8.9	0.7	0.62  CPL	0.38
141212B	250.866	31.749	1.0	10.5	12	1	3.9	0.3	1.46  PL	0.09
141212A	39.167	18.163	1.9	0.30	0.72	0.12	1.2	0.2	1.61  PL	0.23
141205A	92.859	37.876	2	1.1	1.2	0.3	NA	NA	0.985  PL	0.002
141130A	222.804	47.323	1.4	62.9	28	1	1.2	0.2	1.56  PL	0.08
141121A	122.665	22.206	2.1	549.9	53	4	0.9	0.3	1.73  PL	0.13
141109B	222.453	73.141	2.6	54.2	6.3	0.9	0.4	0.1	1.85  PL	0.22
141109A	144.563	-0.581	3.0	200	68	3	2.5	0.2	1.52  PL	0.07
141102A	208.614	-47.100	4	2.5	NA	NA	NA	NA	1.3  PL	0.5
141031B	356.883	41.355	2.2	16.0	2.5	0.5	0.3	0.1	1.36  PL	0.35
141031A	128.632	-59.160	1.4	920	29	5	0.5	0.2	1.21  PL	0.13
141026A	44.049	26.925	1.9	146	13	1	0.4	0.2	2.34  PL	0.19
141022A	241.930	-72.152	2.2	8.72	4.8	0.7	0.9	0.3	1.31  PL	0.27
141020A	225.054	55.328	1.7	15.55	4.6	0.6	0.7	0.2	1.74  PL	0.18
141017A	93.601	-58.596	2.1	55.7	31	1	6.7	0.3	1.05  CPL	0.28
141015A	87.535	18.370	2.2	11.0	1.6	0.4	0.5	0.1	1.90  PL	0.37
141005A	291.103	36.098	1.7	4.34	11	1	4.2	0.8	1.33  PL	0.18
141004A	76.721	12.828	1.0	3.92	6.7	0.3	6.1	0.3	1.86  PL	0.08
140930B	6.360	24.298	1.6	0.84	4.2	0.4	4.0	0.4	0.64  PL	0.19
140927A	291.802	-65.400	2.2	6.26	2.7	0.5	0.9	0.2	1.82  PL	0.30
140919A	221.540	-32.153	1.5	151.3	59	4	2.0	0.5	1.74  PL	0.12
140916A	40.384	-39.688	2.4	80.1	17	3	1.3	0.4	2.15  PL	0.27
140909A	193.638	63.494	NA	NA	NA	NA	NA	NA	NA	NA NA
140907A	48.133	46.596	1.4	79.2	43	2	2.5	0.2	1.72  PL	0.07
140903A	238.021	27.608	1.0	0.30	1.4	0.1	2.5	0.2	1.99  PL	0.12
140901B	112.184	-29.209	2.0	10	9.5	1.3	NA	NA	1.20  PL	0.22
140828A	142.029	14.569	1.3	18.8	13	1	2.2	0.3	0.6  CPL	0.7
140824A	206.627	33.285	1.7	3.09	1.9	0.2	1.2	0.2	1.98  PL	0.21
140818B	271.168	-1.354	2.1	18.1	5.4	0.8	1.1	0.3	1.99  PL	0.25
140817A	127.244	58.191	1.0	244	46	2	7.2	0.3	1.48  PL	0.08
140730A	56.350	-66.580	2.1	41.3	2.8	0.5	0.5	0.1	2.50  PL	0.32
140719B	39.731	-2.384	1.7	53.0	13	1	0.7	0.2	1.8  PL	0.2
140719A	171.571	-50.115	2.4	48	4.3	0.8	0.2	0.1	1.9  PL	0.3
140716A	108.133	-60.150	1.5	104	59	12	5.2	1.5	1.61  PL	0.33
140713A	281.141	59.623	1.2	5.30	3.7	0.3	1.9	0.2	1.84  PL	0.14
140710A	41.088	35.499	1.8	3.52	2.3	0.3	1.9	0.3	2.00  PL	0.23
140709B	146.040	63.536	1.1	155.0	42	2	0.9	0.1	0.79  CPL	0.30
140709A	304.666	51.222	1.0	98.6	53	2	3.1	0.3	1.23  CPL	0.27
140706A	49.269	-38.058	1.1	48.3	20	1	1.8	0.2	1.8  PL	0.1
140703A	13.010	45.102	1.6	67.1	39	3	2.8	0.6	1.74  PL	0.13
140629A	249.017	41.897	1.8	42.0	24	2	4.2	0.4	1.86  PL	0.11
140628A	40.672	-0.378	1.0	10.5	13	1	2.8	0.2	1.56  PL	0.09
140626A	77.163	-82.625	1.5	16.4	3.6	0.5	0.7	0.1	0.61  CPL	0.88
140622A	317.153	-14.412	2.5	0.13	0.27	0.05	0.6	0.2	NA	NA NA
140619A	27.096	-39.249	1.8	233.9	210	4	4.6	0.2	1.45  CPL	0.14
140614C	147.423	71.945	3	NA	1.6	0.5	NA	NA	NA	NA NA
140614B	322.636	14.895	2.1	49.8	5.5	1.0	0.5	0.2	2.04  PL	0.26
140614A	231.171	-79.110	2.4	720	13	4	NA	NA	1.50  PL	0.46
140611A	349.939	-40.111	4	1.9	NA	NA	NA	NA	NA	NA NA
140610A	286.261	3.899	1.0	NA	NA	NA	1.4	0.2	1.57  PL	0.06
140607A	86.373	18.904	1.9	109.9	22	3	0.9	0.4	1.78  PL	0.23
140606A	201.799	37.599	2.4	0.34	0.51	0.10	0.5	0.1	0.53  PL	0.36
140529A	228.810	-41.042	1.2	4.5	22	1	11.5	0.7	0.85  CPL	0.35
140521A	320.177	67.587	1.1	9.88	9.5	0.6	1.9	0.2	1.42  PL	0.11
140518A	227.231	42.396	1.8	60.5	10	1	1.0	0.1	0.92  CPL	0.61
140516A	252.972	39.958	2.6	0.19	0.23	0.06	0.5	0.1	1.87  PL	0.33
140515A	186.071	15.099	1.2	23.4	5.9	0.6	0.9	0.1	0.98  CPL	0.64
140512A	289.366	-15.087	1.1	154.8	140	3	6.8	0.3	1.45  PL	0.04
140509A	46.564	-62.662	1.9	23.20	12	2	1.6	0.4	1.59  PL	0.20
140506A	276.806	-55.556	1.6	111.1	28	3	10.9	0.9	1.68  PL	0.16
140502A	319.172	48.975	1.2	16.9	6.7	0.5	0.9	0.1	1.22  PL	0.13
140430A	102.942	23.033	1.0	173.6	11	2	2.5	0.2	2.00  PL	0.22
140428A	194.365	28.331	2.2	17.42	3.4	0.6	0.6	0.2	1.54  PL	0.26
140423A	197.276	49.838	1.0	134	94	3	2.1	0.2	1.33  PL	0.06
140419A	127.001	46.234	1.0	94.7	160	0	4.9	0.2	1.21  PL	0.04
140414A	195.310	56.902	4	0.7	1.22	0.10	NA	NA	0.74  PL	0.18
140413A	65.439	-51.188	1.3	139.6	94	5	2.3	0.5	1.49  PL	0.08
140412A	145.032	-65.826	1.7	39.6	7.2	0.8	1.1	0.2	1.95  PL	0.19
140408A	290.723	-12.585	1.9	4.00	3.1	0.5	1.2	0.3	1.49  PL	0.25
140402A	207.592	5.971	2.8	0.031	0.38	0.12	NA	NA	0.89  PL	0.44
140331A	134.860	2.755	3.2	209	6.7	1.3	0.31	0.13	2.01  PL	0.29
140323A	356.975	-79.916	1.0	104.9	160	0	6.2	0.7	1.35  CPL	0.17
140320A	281.843	-11.188	2.4	0.45	0.49	0.10	0.6	0.2	1.24  PL	0.36
140318A	184.049	20.225	2.1	8.43	2.9	0.5	0.5	0.2	1.35  PL	0.28
140311B	252.333	52.733	1.2	70	NA	NA	NA	NA	1.12  PL	0.15
140311A	209.293	0.607	3.8	71.4	23	3	1.3	0.5	1.67  PL	0.23
140305A	344.497	15.448	1.7	13.7	4.7	0.7	1.0	0.2	0.32  CPL	0.92
140304A	30.653	33.480	1.0	15.6	12	1	1.7	0.2	1.29  PL	0.08
140302A	253.862	-12.875	1.1	87.5	27	1	1.7	0.2	1.09  PL	0.09
140301A	69.521	-34.249	1.9	31.0	4.4	0.8	0.7	0.2	1.96  PL	0.28
140215A	104.129	41.787	1.1	84.2	78	3	7.9	0.7	1.19  PL	0.08
140213A	105.166	-73.136	1.0	60.0	120	0	23.5	0.8	1.80  PL	0.04
140211A	124.233	20.237	1.4	89.4	18	1	0.7	0.2	2.10  PL	0.14
140209A	81.328	32.488	1.0	21.3	41	2	38.1	1.1	1.44  PL	0.06
140206A	145.321	66.762	1.0	93.6	160	3	19.4	0.5	1.04  CPL	0.15
140129B	326.764	26.215	2.1	1.36	0.71	0.14	0.9	0.2	2.23  PL	0.33
140129A	37.851	-1.594	2.2	2.99	1.3	0.3	0.9	0.2	2.08  PL	0.33
140118A	330.999	-17.937	1.5	84.15	26	2	1.9	0.3	1.87  PL	0.13
140114A	188.498	27.942	1.9	139.7	32	1	0.9	0.1	2.06  PL	0.09
140108A	325.129	58.749	1.0	94	70	2	6.1	0.3	1.62  PL	0.05
140103A	232.114	37.752	1.7	17.3	6.0	0.7	2.1	0.3	2.6  PL	0.2
140102A	211.915	1.332	1.0	65	77	2	29.8	0.6	1.38  PL	0.04
131229A	85.236	-4.401	1.0	13.86	66	1	10.7	0.3	1.02  PL	0.03
131227A	67.369	28.879	1.3	18.0	8.4	0.6	1.1	0.2	1.36  PL	0.12
131226A	301.309	-64.943	1.0	7.20	40	1	10.4	0.4	1.38  PL	0.04
131224B	163.722	-14.177	3	9	2.6	0.3	NA	NA	2.09  PL	0.20
131205A	131.573	-60.181	2.8	37.5	2.9	0.7	0.6	0.1	1.57  PL	0.38
131202A	344.005	-21.650	2.6	30.4	6.1	1.0	0.7	0.2	1.58  PL	0.26
131128A	355.305	31.293	1.6	3.00	3.2	0.4	2.7	0.3	1.81  PL	0.17
131127A	332.714	36.596	1.8	92.1	19	2	1.3	0.2	2.34  PL	0.16
131120A	278.937	-12.026	3.0	131	5.7	1.5	0.5	0.2	2.94  PL	0.50
131117A	332.354	-31.761	1.8	11.00	2.5	0.4	0.7	0.1	-0.40  CPL	1.41
131110A	69.268	-17.259	0.8	100	   35.3	1.0	NA	NA	1.61  PL	0.09
131105A	70.973	-63.005	1.5	112.3	71	5	3.5	0.6	1.45  PL	0.11
131103A	348.948	-44.645	1.8	17.3	8.2	1.0	1.5	0.3	1.97  PL	0.19
131031A	29.618	-1.603	4	NA	NA	NA	NA	NA	NA	NA NA
131030A	345.074	-5.380	1.0	41.1	290	0	28.1	0.7	1.30  PL	0.03
131024B	144.464	44.284	2.1	64.00	12	2	0.1	0.1	0.85  PL	0.23
131024A	290.544	-64.599	2.0	112.00	12	1	0.3	0.1	1.85  PL	0.18
131018A	98.473	-19.897	1.3	73.22	11	1	0.5	0.1	2.24  PL	0.14
131004A	296.108	-2.952	1.1	1.54	2.8	0.2	3.4	0.2	1.81  PL	0.11
131002B	75.135	-75.701	1.2	39.10	6.2	0.6	0.6	0.1	0.36  CPL	0.84
131002A	253.103	82.036	3.9	55.59	6.4	0.8	1.3	0.1	1.63  PL	0.19
131001A	8.304	25.557	1.6	4.9	4.9	0.6	2.57	0.25	0.8  CPL	0.6
130929A	135.028	-47.554	1.6	11.10	6.9	0.8	1.7	0.3	2.00  PL	0.18
130925A	41.186	-26.146	1.0	NA	410	10	7.3	0.6	1.85  CPL	0.14
130919A	207.281	-10.353	1.6	97.3	14	2	0.5	0.1	0.54  CPL	0.73
130913A	341.960	1.294	3.3	NA	1.3	0.4	NA	NA	0.9  PL	0.3
130912A	47.606	13.999	1.6	0.28	1.7	0.2	2.2	0.3	1.20  PL	0.20
130907A	215.898	45.602	1.0	NA	   1400	10	25.6	0.5	1.17  PL	0.02
130831B	192.454	-29.187	2.1	37.8	14	2	2.4	0.5	1.88  PL	0.21
130831A	358.635	29.431	1.0	32.5	65	0.2	13.6	0.6	1.93  PL	0.05
130829A	182.426	46.520	1.3	42.56	12	1	0.6	0.1	1.36  PL	0.12
130822A	27.940	-3.219	3	NA	NA	NA	NA	NA	NA	NA NA
130816B	170.049	-57.527	1.6	10.00	2.7	0.4	0.9	0.1	0.45  CPL	0.93
130816A	197.093	-58.996	2.6	29.97	4.3	1.0	1.5	0.2	1.86  PL	0.34
130812A	92.387	-13.285	1.0	7.6	5.9	0.3	2.8	0.2	2.52  PL	0.11
130807A	269.801	-27.616	1.7	NA	12	2	0.4	0.1	0.31  CPL	0.89
130806A	35.907	67.525	1.6	6.1	1.7	0.2	1.3	0.1	2.50  PL	0.22
130803A	220.256	-2.499	1.1	44	15	1	5.1	0.4	1.69  PL	0.14
130727A	330.790	-65.540	1.0	13.57	38	1	7.0	0.3	1.65  PL	0.05
130725B	214.233	-11.124	1.2	10.0	3.9	0.4	2.2	0.2	2.23  PL	0.17
130725A	230.060	0.624	2.5	101.8	9.7	1.7	0.6	0.2	1.60  PL	0.30
130722A	260.670	-2.979	3	NA	NA	NA	NA	NA	NA	NA NA
130719A	89.038	-11.591	1.9	177.7	23	2	0.6	0.2	1.63  PL	0.17
130716A	179.581	63.057	2.5	NA	NA	NA	NA	NA	NA	NA NA
130708A	17.474	0.003	2.4	9	78	18	NA	NA	NA	NA NA
130701A	357.224	36.100	1.0	4.38	44	1	17.1	0.7	0.90  CPL	0.21
130627B	181.914	-55.706	1.8	28.6	6.1	0.8	0.8	0.2	0.13  CPL	1.03
130627A	184.415	-37.114	2.8	30.8	9.1	1.9	1.8	0.5	1.84  PL	0.32
130626A	273.128	-9.525	1.8	0.16	0.52	0.08	0.9	0.2	-0.53  CPL	1.39
130625A	343.336	82.171	1.3	38.1	18	1	1.2	0.2	1.37  PL	0.09
130623A	20.723	-77.784	4	15	5.4	1.1	1.4	0.3	1.8  PL	0.2
130615A	274.963	-68.161	2.9	304	21	3	0.7	0.2	0.87  CPL	0.92
130612A	259.771	16.729	2.0	4.0	2.3	0.5	1.7	0.3	-0.14  CPL	1.71
130610A	224.414	28.187	2.4	46.4	25	1	1.7	0.2	1.27  PL	0.08
130609B	53.776	-40.168	1.0	210.6	160	0	8.5	0.4	1.32  PL	0.04
130609A	152.680	24.124	1.2	7.0	5.7	0.4	1.8	0.2	1.88  PL	0.11
130608A	24.597	41.492	2.5	151.38	9.0	1.9	0.6	0.3	2.71  PL	0.41
130606A	249.390	29.796	2.0	276.58	29	2	2.6	0.2	1.52  PL	0.12
130605A	134.536	-33.477	1.7	12.6	26	3	4.1	0.9	1.58  PL	0.17
130604A	250.166	68.225	1.1	37.7	14	1	0.8	0.2	1.51  PL	0.12
130603B	172.222	17.063	1.0	0.18	6.3	0.3	6.4	0.3	0.82  PL	0.07
130603A	86.859	82.910	1.6	76	19	1	0.8	0.1	1.83  PL	0.12
130529A	24.274	-64.143	1.9	128	14	2	0.5	0.1	1.56  PL	0.17
130528A	139.405	87.300	1.0	59.4	51	2	3.0	0.2	1.39  CPL	0.19
130527A	309.282	-24.726	1.1	44	120	4	20.1	1.4	1.25  PL	0.05
130521A	87.568	14.470	1.6	11.0	4.2	0.5	1.9	0.2	2.11  PL	0.20
130518B	321.555	-20.148	1.8	NA	8.0	NA	NA	NA	1.39  PL	0.14
130518A	355.671	47.478	2.9	NA	NA	NA	NA	NA	NA	NA NA
130515A	283.436	-54.283	1.6	0.29	1.5	0.2	1.4	0.2	0.77  PL	0.18
130514A	296.278	-7.974	1.0	204	91	2	2.8	0.3	1.80  PL	0.05
130511A	196.654	18.709	2.3	5.43	2.2	0.4	1.3	0.2	1.35  PL	0.31
130508A	305.351	34.966	2.2	42	6.6	1.0	0.7	0.2	1.80  PL	0.23
130505A	137.060	17.485	1.5	88	210	10	30.0	3.1	1.18  PL	0.07
130504A	272.459	-16.320	1.7	50	10	1	0.9	0.2	0.52  CPL	0.68
130502A	138.579	-0.134	1.8	3.0	3.8	0.4	2.9	0.3	1.78  PL	0.16
130427B	314.900	-22.548	1.4	27.0	15	1	3.0	0.4	1.64  PL	0.15
130427A	173.150	27.706	1.0	162.83	3100	30	331.0	4.6	1.21  PL	0.02
130420B	183.095	54.376	1.1	10.2	6.0	0.5	1.4	0.1	0.28  CPL	0.52
130420A	196.118	59.421	1.0	123.5	71	3	3.4	0.2	1.52  CPL	0.25
130419A	355.278	9.900	2.6	75.7	7.8	1.4	0.3	0.2	1.43  PL	0.28
130418A	149.045	13.674	1.9	NA	18	2	0.6	0.2	2.07  PL	0.17
130408A	134.398	-32.363	2.2	28	23	4	4.9	1.0	1.28  PL	0.26
130327A	91.984	55.732	2.2	9.0	2.3	0.5	0.9	0.2	2.26  PL	0.36
130315A	157.541	-51.794	1.3	233.4	49	2	1.0	0.2	1.81  PL	0.08
130313A	236.438	-0.355	2.6	0.26	0.31	0.07	0.5	0.1	1.37  PL	0.36
130306A	279.475	-11.682	1.6	NA	NA	NA	7.3	0.8	1.95  PL	0.05
130305A	116.774	52.037	1.8	NA	48	18	NA	NA	0.78  PL	0.20
130216B	58.866	2.036	1.5	3.7	13	3	7.4	0.6	1.77  PL	0.08
130216A	67.901	14.670	1.0	6.5	30	1	6.5	0.3	0.80  CPL	0.20
130215A	43.486	13.387	1.5	65.7	54	5	2.5	0.7	1.59  PL	0.14
130211A	147.524	-42.330	2.1	25.1	6.4	1.0	0.7	0.2	1.81  PL	0.24
130206A	140.387	-58.193	1.9	128.0	20	2	0.3	0.2	1.56  PL	0.17
130131B	173.957	15.033	1.7	4.30	3.4	0.4	1.0	0.2	1.15  PL	0.20
130131A	171.091	48.064	2.1	51.6	3.1	0.6	0.7	0.1	2.12  PL	0.32
130122A	194.307	59.003	3.0	64	7.4	1.1	0.4	0.1	1.34  PL	0.24
130102A	311.435	49.838	2.3	77.5	7.2	0.9	0.4	0.1	1.39  PL	0.18
121229A	190.095	-50.588	2.8	NA	4.6	1.3	0.1	0.0	2.43  PL	0.46
121226A	168.620	-30.413	2.0	1.00	1.4	0.2	1.6	0.3	1.51  PL	0.29
121217A	153.708	-62.354	1.0	778	62	3	1.8	0.1	1.53  PL	0.08
121212A	177.787	78.052	2.1	6.8	1.2	0.3	0.7	0.1	2.65  PL	0.40
121211A	195.575	30.173	4.9	182	13	2.67	1.0	0.3	2.36  PL	0.26
121209A	326.800	-8.232	1.7	42.7	29	1	3.4	0.3	1.43  PL	0.08
121202A	256.790	23.942	1.2	20.1	12	1	1.2	0.2	1.59  PL	0.11
121201A	13.473	-42.929	2.3	85	7.8	1.0	0.8	0.1	1.90  PL	0.21
121128A	300.589	54.301	1.0	23.3	69	4	12.9	0.4	1.32  PL	0.18
121125A	228.519	55.318	1.2	52.2	47	1	2.9	0.2	1.52  PL	0.06
121123A	307.334	-11.873	1.8	317	150	10	2.6	0.2	0.96  CPL	0.20
121117A	31.617	7.432	1.1	30	14	2	1.1	0.1	1.16  PL	0.18
121108A	83.216	54.520	2.2	89	9.6	1.2	1.6	0.2	2.28  PL	0.20
121102A	270.896	-16.951	1.0	24.7	19	1	2.3	0.2	1.88  PL	0.07
121031A	170.772	-3.513	1.0	226	78	2	2.4	0.2	1.50  PL	0.05
121028A	271.903	-2.298	1.5	3.8	3.7	0.4	1.9	0.3	1.79  PL	0.17
121027A	63.598	-58.839	1.0	62.6	20	1	1.3	0.2	1.82  PL	0.09
121024A	70.481	-12.255	1.7	69	11	1	1.3	0.2	1.41  PL	0.22
121017A	288.820	-1.602	1.5	4.2	6.6	0.7	3.3	0.4	1.74  PL	0.17
121014A	166.645	-29.105	2.0	80.0	11	1	0.3	0.2	1.91  PL	0.17
121011A	260.204	41.123	1.8	75.6	27	7	1.2	0.3	0.10  CPL	0.73
121001A	276.029	-5.667	2.4	147	17	2	0.5	0.1	1.34  PL	0.15
120927A	136.606	0.420	1.0	43	26	3	1.6	0.2	0.63  CPL	0.38
120923A	303.781	6.255	2.1	27.2	3.2	0.8	0.6	0.1	0.29  CPL	1.66
120922A	234.758	-20.181	1.2	173	62	7	2.0	0.2	1.58  CPL	0.36
120918A	181.042	-32.762	1.1	25.1	37	6	4.5	0.5	1.00  CPL	0.39
120913B	213.660	-14.508	1.0	126	111	2	3.2	0.2	1.63  PL	0.04
120913A	146.400	26.959	1.2	30.1	8.7	0.8	2.3	0.2	2.18  PL	0.15
120911A	357.966	63.090	1.6	17.8	11	1	2.7	0.3	1.71  PL	0.16
120909A	275.735	-59.432	1.2	NA	68	2	1.8	0.3	1.39  PL	0.06
120907A	74.736	-9.323	2.0	16.9	6.7	1.1	2.9	0.4	1.73  PL	0.25
120819A	235.887	-7.304	2.9	71	14	2	0.8	0.3	1.49  PL	0.23
120817B	8.310	-26.428	2.8	NA	1.7	0.4	NA	NA	0.60  PL	0.3
120817A	250.692	-38.377	1.5	28.2	6.9	0.6	0.8	0.1	1.97  PL	0.16
120816A	282.133	-6.981	2.5	7.6	4.3	1.0	2.1	0.5	2.54  NA	0.40
120815A	273.976	-52.125	1.8	9.7	4.9	0.7	2.2	0.3	2.29  PL	0.23
120811C	199.690	62.297	1.0	26.8	30	3	4.1	0.2	1.40  CPL	0.30
120811A	257.184	-22.735	2.6	166	11	1	1.0	0.1	1.95  PL	0.20
120807A	241.273	-47.455	2.1	20.0	2.9	0.5	0.9	0.1	1.81  PL	0.30
120805A	216.536	5.853	2.2	48.00	8.2	1.4	0.37	0.2	1.20  PL	0.28
120804A	233.951	-28.768	1.0	0.81	8.8	0.5	10.8	0.6	1.34  PL	0.08
120803B	314.223	53.298	1.0	37.5	25	5	1.5	0.2	0.84  CPL	0.36
120803A	269.531	-6.733	2.5	10.0	3.0	0.5	0.4	0.2	0.86  PL	0.35
120802A	44.833	13.762	1.1	50	19	3	3.0	0.2	1.21  CPL	0.47
120729A	13.078	49.936	1.0	71.5	24	1	2.9	0.2	1.62  PL	0.08
120728A	137.085	-54.437	1.4	22.06	24	2	2.4	0.5	1.79  PL	0.13
120724A	245.193	3.535	2.1	72.8	6.8	1.1	0.6	0.2	0.53  CPL	1.53
120722A	230.489	13.249	3.4	42.4	12	2	1.0	0.3	1.90  PL	0.25
120714B	355.412	-46.196	2.6	159	12	1	0.4	0.1	1.52  PL	0.17
120714A	167.975	-30.625	1.6	16.2	8.2	0.9	1.5	0.3	1.62  PL	0.16
120712A	169.598	-20.051	1.0	14.7	18	1	2.4	0.2	1.36  PL	0.08
120711B	331.710	59.996	3.2	60	5.6	1.2	0.4	0.1	1.75  PL	0.32
120703A	339.353	-29.726	1.0	25.2	35	1	10.5	0.4	1.51  PL	0.06
120701A	80.338	-58.531	1.3	13.8	14	1	1.6	0.2	1.05  PL	0.10
120630A	352.300	42.495	2.7	0.6	0.61	0.14	0.7	0.2	1.04  PL	0.43
120624B	170.886	8.933	1.0	NA	283	4	5.5	0.2	1.17  PL	0.03
120612A	126.723	-17.598	1.7	90	13	1	0.5	0.2	1.36  PL	0.16
120521C	214.288	42.144	1.0	26.7	11	1	1.9	0.2	1.73  PL	0.11
120521B	197.016	-52.742	1.6	31.4	15	1	0.9	0.2	0.97  PL	0.15
120521A	148.692	-49.422	1.7	0.45	0.78	0.11	0.9	0.1	0.98  PL	0.22
120514A	283.002	-4.258	1.1	164.4	28	2	1.9	0.2	1.62  PL	0.10
120422A	136.915	13.974	2.0	5.35	2.3	0.4	0.6	0.2	1.19  PL	0.24
120404A	235.002	12.883	1.2	38.7	16	1	1.2	0.2	1.85  PL	0.13
120403B	54.302	-89.029	2.4	7.3	2.1	0.4	0.9	0.2	1.79  PL	0.31
120403A	42.458	40.489	2.3	1.25	1.0	0.2	1.1	0.2	1.64  PL	0.30
120401A	58.057	-17.658	2.5	NA	9.1	1.4	0.12	0.04	1.66  PL	0.23
120328A	241.607	-39.322	1.8	24.2	4.7	0.6	0.7	0.1	1.87  PL	0.20
120327A	246.854	-29.415	1.1	62.9	36	1	3.9	0.2	1.52  PL	0.06
120326A	273.906	69.248	1.0	69.6	26	3	4.6	0.2	1.41  CPL	0.34
120324A	291.081	24.140	1.1	118	101	3	5.9	0.2	1.34  PL	0.04
120320A	212.517	8.682	1.6	25.74	5.9	1.6	0.5	0.2	0.31  CPL	0.95
120312A	251.812	23.881	2.1	14.2	5.7	0.8	1.3	0.3	1.72  PL	0.23
120311B	258.551	-13.068	1.3	28.2	10	1	1.5	0.2	1.96  PL	0.14
120311A	273.075	14.297	1.1	3.5	3.0	0.3	3.2	0.2	2.30  PL	0.15
120308A	219.123	79.674	1.3	60.6	12	1	06	0.1	1.71  PL	0.13
120305A	47.549	28.495	1.0	0.10	2.0	0.1	2.2	0.2	1.00  PL	0.09
120302A	122.426	29.642	2.3	NA	6.6	1.3	0.6	0.3	1.4  PL	0.3
120229A	20.033	-35.796	1.9	0.22	0.41	0.07	0.5	0.1	1.29  PL	0.24
120224A	40.937	-17.779	2.4	8.13	2.4	0.5	0.9	0.2	2.25  PL	0.36
120219A	129.862	51.006	2.2	90.5	5.4	1.4	0.3	0.1	0.60  CPL	1.69
120218A	319.764	-25.462	1.9	27.5	53	4	9.1	1.2	1.75  PL	0.11
120215A	30.057	8.790	2.3	26.5	4.0	0.6	0.6	0.1	1.62  PL	0.22
120213A	300.987	65.413	1.0	48.9	19	1	1.7	0.1	2.37  PL	0.09
120212A	43.086	-18.043	1.6	5.52	5.1	0.6	2.1	0.3	2.05  PL	0.19
120211A	87.781	-24.795	2.1	61.7	8.1	1.2	0.5	0.2	1.50  PL	0.22
120121A	249.363	-23.963	1.4	26.1	11	1	0.7	0.2	1.23  PL	0.13
120119A	120.029	-9.076	1.0	253.8	170	0	10.3	0.3	1.38  PL	0.04
120118B	124.862	-7.178	1.3	23.26	18	1	2.2	0.3	2.08  PL	0.11
120116A	16.240	33.927	1.0	41.0	29	1	4.1	0.3	1.31  CPL	0.41
120114A	317.904	57.0358	2.3	NA	NA	NA	NA	NA	1.4  PL	0.3
120106A	66.129	64.050	1.3	61.6	9.7	1.1	1.5	0.2	1.53  PL	0.17
120102A	276.224	24.713	1.0	38.7	43	1	10.3	0.4	1.59  PL	0.05
111229A	76.561	-84.687	2.7	25.4	3.4	0.7	1.0	0.2	1.85  PL	0.33
111228A	150.063	18.284	1.4	101.20	85	2	12.4	0.5	2.27  PL	0.06
111225A	13.158	51.573	1.3	106.8	13	1.2	0.7	0.1	1.70  PL	0.15
111215A	349.582	32.440	4.2	796	45	5	0.5	0.2	1.70  PL	0.18
111212A	310.442	-68.585	1.8	NA	14	2	0.8	0.3	1.67  PL	0.18
111210A	191.493	-7.173	1.7	2.52	1.6	0.2	1.0	0.1	1.30  PL	0.19
111209A	14.350	-46.799	1.0	NA	360	10	0.5	0.1	1.48  PL	0.03
111208A	290.215	40.6686	2.2	NA	9.8	1.8	1.3	0.7	1.5  PL	0.3
111207A	92.924	-39.504	NA	3	NA	NA	NA	NA	NA	NA  NA
111204A	336.651	-31.414	2.2	48.0	4.7	0.9	0.3	0.2	1.83  PL	0.30
111201A	190.485 32.9935	2.1	NA	4.6	0.8	1.1	0.3	1.6  PL	0.3
111129A	307.415	-52.722	2.3	7.6	1.8	0.4	0.9	0.2	2.56  PL	0.38
111126A	276.057	51.461	3	0.8	0.7	0.2	NA	NA	1.1  PL	0.3
111123A	154.845	-20.639	1.1	290.0	73	3	0.9	0.1	1.68  PL	0.07
111121A	154.746	-46.670	1.1	119	22	2	7.1	0.3	1.66  PL	0.12
111117A	12.702	23.021	NA	0.47	1.40	0.18	1.35	0.20	0.65  PL	0.22
111109A	118.248	-41.588	1.9	13.0	2.4	0.4	0.5	0.1	1.86  PL	0.26
111107A	129.487	-66.520	1.2	26.6	8.8	0.8	1.2	0.2	1.49  PL	0.14
111103B	265.691	1.605	1.0	167	80	2	7.2	0.3	1.41  PL	0.05
111103A	327.111	-10.532	1.1	11.6	14	1	3.1	0.3	1.30  PL	0.10
111029A	44.785	57.101	1.2	7.6	3.9	0.4	1.5	0.2	0.77  CPL	0.71
111026A	244.256	-47.435	1.8	3.62	1.7	0.2	1.1	0.1	1.69  PL	0.21
111022B	108.927	49.663	2.0	79.1	9.0	1.2	0.4	0.3	1.59  PL	0.20
111022A	275.871	-23.666	1.0	24.7	20	1	2.5	0.2	1.01  CPL	0.37
111020A	287.029	-38.031	2.1	0.40	0.65	0.10	0.9	0.2	1.37  PL	0.26
111018A	271.482	-3.880	2.0	36	4.0	0.7	0.4	0.1	2.18  PL	0.27
111016A	153.826	27.474	2.2	550	40	3	0.9	0.2	1.95  PL	0.12
111008A	60.439	-32.708	1.2	63.46	53	3	6.4	0.7	1.86  PL	0.09
111005A	223.315	-19.722	2.1	26	6.2	1.1	1.1	0.3	2.03  PL	0.27
110928A	257.745	36.547	2.3	26.7	6.9	1.1	0.9	0.3	1.09  PL	0.30
110921A	294.094	36.355	1.7	48.00	24	2	0.2	0.4	1.57  PL	0.17
110915A	310.830	-0.713	1.2	78.76	57	2	3.3	0.2	0.94  CPL	0.23
110827A	164.059	53.817	2.2	8.5	1.8	0.3	0.4	0.1	1.24  PL	0.27
110820A	343.203	70.298	2.1	256	8.2	1.5	0.4	0.1	1.92  PL	0.28
110818A	317.373	-63.981	1.4	103	40	2	1.6	0.3	1.58  PL	0.11
110808A	57.322	-44.177	2.7	48	3.3	0.8	0.4	0.2	2.32  PL	0.43
110801A	89.415	80.958	1.1	385	47	3	1.1	0.2	1.84  PL	0.10
110731A	280.513	-28.536	1.0	38.8	60	1	11.0	0.3	1.15  PL	0.05
110726A	286.713	56.070	1.7	5.2	2.2	0.3	1.0	0.2	0.64  CPL	0.87
110719A	24.570	34.578	1.8	41.0	18	2	1.3	0.3	1.63  PL	0.15
110715A	237.665	-46.237	1.0	13.0	118	2	53.9	1.1	1.25  CPL	0.12
110709B	164.668	-23.470	1.1	55.6	94	2	3.4	0.3	1.29  PL	0.04
110709A	238.895	40.918	1.0	44.7	100	2	6.2	0.2	1.24  PL	0.03
110625A	286.751	6.755	1.3	44.5	280	10	49.5	2.4	1.44  PL	0.04
110610A	308.205	74.827	1.0	46.4	49	1	4.2	0.2	1.51  PL	0.05
110530A	282.045	61.953	2.3	19.6	3.3	0.5	0.4	0.1	2.06  PL	0.24
110521A	120.132	45.818	1.8	13.8	4.4	0.5	0.5	0.1	0.90  PL	0.22
110520A	134.363	56.418	1.1	15.7	11	1	1.1	0.2	1.13  PL	0.10
110519A	261.638	-23.426	1.0	27.2	40	1	4.6	0.3	2.09  PL	0.06
110503A	132.799	52.211	1.0	10.0	100	4	1.35	0.06	0.88  CPL	0.25
110422A	112.057	75.100	1.0	25.9	410	10	30.7	1.0	0.86  CPL	0.10
110420B	320.045	-41.277	2.2	0.084	0.53	0.11	0.7	0.2	1.52  CPL	2.56
110420A	2.164	-37.877	1.0	11.8	59	2	14.0	0.9	2.30  PL	0.07
110414A	97.876	24.349	1.6	152.0	35	3	1.1	0.3	1.70  PL	0.14
110412A	133.491	13.488	1.9	23.4	18	2	2.0	0.4	1.54  PL	0.14
110411A	291.427	67.706	1.0	80.3	33	2	1.3	0.2	1.51  PL	0.31
110407A	186.022	15.726	1.5	145	17	2	1.73	0.12	0.73  CPL	0.64
110402A	197.432	61.247	1.7	60.9	34	4	4.1	0.7	1.59  PL	0.17
110319B	326.088	-56.774	1.0	14.5	10	1	1.25	0.15	1.39  PL	0.05
110319A	356.510	-66.008	1.0	19.3	14	1	2.2	0.2	1.31  CPL	0.43
110318B	211.691	-51.577	1.7	4.8	2.9	0.3	0.7	0.1	1.09  PL	0.17
110318A	338.292	-15.278	1.0	16.0	49	2	8.0	0.5	1.05  CPL	0.23
110315A	279.205	17.537	1.0	77	41	2	1.7	0.2	1.77  PL	0.08
110312A	157.500	-5.259	2.3	28.7	8.2	1.3	1.2	0.3	2.32  PL	0.26
110305A	260.877	-15.810	1.9	12.0	8.0	1.0	1.2	0.3	1.62  PL	0.19
110223B	150.340	-68.329	2.0	54.0	6.1	0.8	0.6	0.1	1.65  PL	0.21
110223A	345.386	87.586	2.5	7.0	1.6	0.4	0.6	0.2	1.70  PL	0.33
110213A	42.978	49.278	1.4	48.0	59	4	1.6	0.6	1.83  PL	0.12
110212A	69.025	43.716	1.4	3.3	2.4	0.3	1.5	0.2	0.78  CPL	0.85
110210A	13.108	7.778	3.2	233	9.6	1.9	0.3	0.1	1.73  PL	0.29
110208A	22.487	-20.561	1.8	37.4	2.7	0.6	0.6	0.1	2.08  PL	0.31
110207A	12.540	-10.790	1.3	80.3	16	1	1.1	0.1	1.30  PL	0.12
110205A	164.603	67.533	2.2	257	170	0	3.6	0.2	1.80  PL	0.04
110201A	137.489	88.610	1.3	13.0	7.0	0.5	1.1	0.1	1.09  PL	0.11
110128A	193.871	28.108	2.3	30.7	7.2	1.4	0.8	0.2	1.31  PL	0.30
110119A	348.589	5.982	1.5	208	70	2	2.2	0.1	1.44  PL	0.05
110112A	329.936	26.470	2.6	0.5	0.30	0.09	0.5	0.2	2.14  PL	0.46
110107A	299.890	41.889	3	NA	58	5	NA	NA	1.58  PL	0.03
110106B	134.155	47.005	1.2	24.8	20	1	2.1	0.3	1.76  PL	0.11
110106A	79.295	64.199	2.0	4.3	3.0	0.5	1.9	0.3	1.71  PL	0.28
110102A	245.877	7.617	1.8	264	165	3	8.4	0.3	1.60  PL	0.04
101225A	0.2037	44.5739	3.6	1088.0	19	4	NA	NA	1.82  PL	0.32
101224A	285.939	45.706	2.1	0.2	0.58	0.11	0.7	0.2	0.93  CPL	1.52
101219B	12.259	-34.556	3.9	34	21	4	0.6	0.3	1.56  PL	0.16
101219A	74.586	-2.527	1.0	0.6	4.6	0.3	4.1	0.2	0.63  PL	0.09
101213A	241.297	21.905	1.1	135	50	2	2.2	0.4	1.53  PL	0.09
101204A	167.548	-20.434	NA	NA	12	4	NA	NA	1.3  PL	0.2
101201A	1.955	-16.196	2	NA	NA	NA	NA	NA	NA	NA NA
101129A	155.921	-17.645	3	0.35	0.9	0.5	NA	NA	0.8  PL	0.5
101117B	172.991	-72.651	1.1	5.2	11	1	4.5	0.3	1.50  PL	0.09
101114A	303.193	14.029	1.8	NA	8.0	0.8	1.8	0.3	1.29  PL	0.17
101030A	166.390	-16.389	1.1	92.0	20	1	0.9	0.1	1.82  PL	0.10
101024A	66.465	-77.261	1.1	18.7	15	1	5.5	0.2	1.15  CPL	0.31
101023A	317.949	-65.389	1.4	80.8	270	10	NA	NA	1.26  CPL	0.15
101020A	189.607	23.129	3.4	175.0	26	3	0.5	0.2	2.04  PL	0.17
101017A	291.377	-35.141	1.0	70.0	180	10	9.4	0.4	1.45  PL	0.03
101011A	48.274	-65.990	1.2	71.5	14	1	1.3	0.2	1.24  PL	0.14
101008A	328.882	37.060	2.1	104	11	2	1.6	0.2	1.59  PL	0.24
100928A	223.037	-28.542	2.3	3.3	3.5	0.6	2.5	0.5	1.79  PL	0.29
100924A	0.672	7.004	1.0	96.0	83	3	1.5	0.3	1.53  PL	0.06
100917A	289.250	-17.120	2.1	66	8.6	1.2	0.6	0.2	1.67  PL	0.23
100915A	315.664	65.676	2.0	200	15	2	0.5	0.3	1.50  PL	0.24
100906A	28.697	55.634	1.0	114.4	120	0	10.1	0.4	1.78  PL	0.03
100905A	31.542	14.919	1.7	3.4	1.7	0.2	0.6	0.1	1.09  PL	0.19
100904A	172.907	-16.185	1.8	31.3	13	1	1.6	0.3	1.67  PL	0.16
100902A	48.626	30.970	1.3	428.8	32	2	1.0	0.1	1.98  PL	0.13
100901A	27.252	22.751	3.5	439	21	3	0.8	0.2	1.52  PL	0.21
100823A	20.706	5.848	1.4	16.9	4.1	0.4	1.0	0.1	2.19  PL	0.18
100816A	351.738	26.568	1.0	2.9	20	1	10.9	0.4	0.73  CPL	0.24
100814A	22.479	-17.990	1.0	174.5	90	2	2.5	0.2	1.47  PL	0.04
100807A	55.283	67.665	1.9	7.9	3.4	0.5	1.8	0.2	2.32  PL	0.23
100805A	299.846	52.618	2.0	15.0	5.1	0.8	0.7	0.2	1.76  PL	0.23
100802A	2.482	47.752	1.1	487	36	2	0.9	0.1	1.85  PL	0.10
100728B	44.051	0.296	1.5	12.1	17	1	3.5	0.5	1.55  PL	0.14
100728A	88.753	-15.259	1.0	198.5	380	0	5.1	0.2	1.18  PL	0.02
100727A	154.187	-21.417	1.6	84	12	1	1.2	0.1	1.81  PL	0.13
100725B	290.029	76.955	1.2	200	68	2	2.4	0.1	1.89  PL	0.06
100725A	166.468	-26.667	1.2	141	20	1	0.7	0.1	1.23  NA	0.12
100724A	194.569	-11.095	1.7	1.4	1.6	0.2	1.9	0.2	1.92  PL	0.21
100719A	112.319	-5.857	2.4	36.0	5.3	0.9	0.6	0.2	1.69  PL	0.25
100704A	133.639	-24.202	1.0	197.5	60	2	4.3	0.2	1.73  PL	0.06
100702A	245.693	-56.549	1.4	0.16	1.2	0.1	2.0	0.2	1.54  PL	0.15
100628A	225.943	-31.653	2.1	0.036	0.25	0.05	0.5	0.1	2.67  CPL	NA
100625A	15.796	-39.091	1.0	0.33	2.3	0.2	2.6	0.2	0.90  PL	0.10
100621A	315.309	-51.102	1.0	63.6	210	0	12.8	0.3	1.90  PL	0.03
100619A	84.618	-27.012	1.0	97.5	45	1	4.8	0.2	1.83  PL	0.06
100615A	177.208	-19.483	1.0	39	50	1	5.4	0.2	1.87  PL	0.04
100614A	263.534	49.232	1.6	225	27	2	0.7	0.2	1.88  PL	0.15
100606A	350.617	-66.234	1.1	480	64	4	1.6	0.4	1.35  PL	0.10
100526B	0.777	-37.913	3.0	64.0	4.7	0.9	0.1	0.1	1.47  PL	0.28
100526A	230.792	25.623	2.0	102	25	2	0.7	0.3	1.83  PL	0.17
100522A	6.990	9.397	1.0	35.3	21	1	7.1	0.3	1.89  PL	0.08
100514A	328.821	29.170	3	NA	NA	NA	NA	NA	NA	NA NA
100513A	169.606	3.617	1.5	84	14	1	0.6	0.1	1.62  PL	0.14
100508A	76.263	-20.744	2.2	52	7.0	1.1	0.4	0.2	1.23  PL	0.25
100504A	255.575	-35.590	1.0	97.3	24	1	1.7	0.2	1.76  PL	0.10
100427A	89.171	-3.461	2.5	NA	NA	NA	NA	NA	NA	NA NA
100425A	299.161	-26.463	2.4	37.0	4.7	0.9	1.4	0.2	2.42  PL	0.32
100424A	209.453	1.512	1.5	104	15	1	0.4	0.1	1.83  PL	0.13
100423A	136.471	21.487	1.0	NA	85	2	1.2	0.2	1.07  PL	0.05
100420A	296.090	55.755	4.6	48	5.7	1.0	NA	NA	1.17  PL	0.22
100418A	256.358	11.457	1.9	7.0	3.4	0.5	1.0	0.2	2.16  PL	0.25
100413B	356.826	51.2704	2	NA	4.3	0.4	NA	NA	0.5  CPL	0.4
100413A	266.223	15.835	1.5	191	62	2	0.7	0.1	1.25  PL	0.07
100401A	290.813	-8.257	2	NA	NA	NA	2.4	NA	1.7   PL	0.2
100324A	98.612	-9.735	2.5	6	0.7	0.3	0.3	0.1	2.4   PL	0.3
100316D	107.599	-56.275	3.0	NA	3.0	0.8	0.1	0.0	2.29  PL	0.41
100316C	32.309	-67.992	2.0	9.3	1.8	0.3	0.4	0.1	1.58  PL	0.26
100316B	163.499	-45.464	1.4	3.8	2.0	0.2	1.3	0.1	2.23  PL	0.18
100316A	251.953	71.819	1.7	7.0	8.2	0.9	2.3	0.4	1.46  PL	0.18
100305A	168.373	42.381	1.9	69.7	15	2	0.9	0.3	1.27  PL	0.23
100302A	195.504	74.568	1.7	17.9	3.1	0.4	0.5	0.1	1.72  PL	0.19
100224A	83.467	-7.994	3	NA	0.32	0.2	NA	NA	0.98  PL	0.23
100219A	154.202	-12.555	2.5	18.8	3.7	0.6	0.4	0.1	1.34  NA	0.25
100216A	154.263	35.524	3	NA	0.47	0.3	NA	NA	0.6  PL	0.3
100213B	124.320	43.464	1.4	48.0	NA	NA	0.5	0.2	1.13  CPL	0.61
100213A	349.379	43.370	1.4	2.4	2.7	0.3	2.1	0.2	1.34  PL	0.15
100212A	356.445	49.492	2.1	136	9.1	1.2	2.2	0.2	2.20  PL	0.22
100206A	47.168	13.175	1.5	0.12	1.4	0.2	1.4	0.2	0.63  PL	0.17
100205A	141.385	31.740	2.1	26.0	4.0	0.7	0.4	0.1	1.60  PL	0.25
100203A	96.225	4.793	2	NA	NA	NA	NA	NA	NA	NA NA
100119A	299.308	-53.149	1.3	23.8	140	0	7.7	1.0	1.01  PL	0.06
100117A	11.280	-1.586	1.7	0.3	0.93	0.13	2.9	0.4	0.88  PL	0.22
100115A	3.333	-0.817	4	3	NA	NA	NA	NA	NA	NA NA
100111A	247.029	15.539	1.2	12.9	6.7	0.5	1.9	0.2	1.69  PL	0.13
091221	55.798	23.243	1.4	68.5	57	2	3.0	0.2	1.59  PL	0.06
091208B	29.411	16.881	1.2	14.9	33	2	15.2	1.0	1.74  PL	0.11
091208A	0.295	65.680	1.1	29.1	15	1	1.8	0.2	0.81  PL	0.10
091130B	203.149	34.086	1.3	112.5	13	1	1.1	0.2	2.15  PL	0.15
091127	36.581	-18.948	1.2	7.1	90	3	46.5	2.7	2.05  PL	0.07
091112	257.751	-36.729	1.5	17	21	4	1.9	0.5	1.03  PL	0.14
091109B	112.750	-54.092	1.2	0.3	1.9	0.2	5.4	0.4	0.71  PL	0.13
091109A	309.252	-44.177	2.1	48	16	2	1.3	0.4	1.31  PL	0.25
091104	208.723	47.391	2.6	99.3	7.7	1.2	0.4	0.1	1.74  PL	0.24
091102	72.622	-72.527	1.2	6.6	5.2	0.4	1.4	0.2	1.08  PL	0.12
091029	60.166	-55.954	1.0	39.2	24	1	1.8	0.1	1.46  CPL	0.27
091026	276.657	-86.113	1.1	41.6	18	1	2.2	0.3	1.53  PL	0.11
091024	339.240	56.885	1.0	109.8	61	3	2.0	0.3	1.20  PL	0.08
091020	175.727	50.977	1.0	34.6	37	1	4.2	0.3	1.53  PL	0.07
091018	32.191	-57.546	1.0	4.4	14	1	10.3	0.4	1.77  CPL	0.24
090929B	117.712	-0.645	1.4	360	59	3	3.3	0.2	1.85  PL	0.08
090927	343.929	-70.973	1.6	2.2	2.0	0.3	2.0	0.2	1.80  PL	0.20
090926B	46.310	-38.997	1.0	109.7	73	2	3.2	0.3	0.52  CPL	0.24
090916	126.582	25.941	2.7	63.4	9.5	1.8	1.9	0.3	1.42  PL	0.33
090915	237.990	15.480	3	8	5	2	0.8	0.3	1.0  PL	0.2
090912	188.046	61.475	1.2	144.0	45	3	1.0	0.1	0.91  CPL	0.44
090904B	264.194	-25.219	1.2	47.0	110	0	5.3	0.9	1.59  PL	0.07
090904A	100.855	50.235	3.0	122	30	2	1.9	0.2	2.01  PL	0.10
090831C	108.294	-25.112	2.1	3.3	1.5	0.3	0.5	0.1	1.33  PL	0.29
090827	18.435	-50.899	2.8	NA	40	20	NA	NA	1.0  PL	0.3
090815C	64.490	-65.943	2.7	0.6	0.44	0.12	0.6	0.2	0.90  PL	0.47
090814A	239.613	25.586	2.0	80	13	2	0.6	0.2	1.81  PL	0.19
090813	225.065	88.571	1.3	7.1	13	1	8.5	0.6	1.69  PL	0.12
090812	353.20	-10.609	1.0	66.7	58	2	3.6	0.2	1.24  PL	0.05
090809	328.665	-0.083	2.0	5.4	3.4	0.5	1.1	0.2	1.34  PL	0.24
090807	273.741	10.279	1.8	140.8	22	2	0.7	0.2	2.25  PL	0.14
090728	29.644	41.632	1.9	59	10	2	1.0	0.3	2.05  PL	0.26
090727	315.917	64.937	2.2	302	14	2	0.5	0.1	1.24  PL	0.24
090726	248.681	72.866	1.7	67.0	8.6	1.0	0.7	0.2	2.25  PL	0.19
090720	203.694	-10.335	3	NA	NA	NA	NA	NA	NA	NA NA
090715B	251.337	44.837	1.0	266	57	2	3.8	0.2	1.57  PL	0.07
090715A	152.102	10.006	2.4	63	9.8	2.2	3.9	0.5	1.28  PL	0.42
090712	70.097	22.525	1.6	145	40	3	0.9	0.2	1.33  PL	0.11
090709B	93.522	64.081	1.8	27.2	15	2	2.1	0.4	1.51  PL	0.18
090709A	289.944	60.728	1.0	89	257	3	7.8	0.3	1.22  PL	0.03
090708	154.632	26.616	1.7	15.0	6.9	1.0	1.3	0.3	1.78  PL	0.22
090628	237.038	-15.969	1.7	20.1	7.0	0.8	1.5	0.2	1.36  PL	0.20
090621B	313.455	69.034	1.7	0.14	0.70	0.10	3.9	0.5	0.82  PL	0.23
090621A	10.987	61.938	1.7	NA	NA	NA	NA	NA	NA	NA NA
090618	294.008	78.352	0.46	113.2	1050	10	38.9	0.8	1.42  CPL	0.08
090607	191.194	44.108	1.9	2.3	1.1	0.2	0.7	0.1	1.25  PL	0.30
090531B	252.070	-36.015	2.1	80	7.1	0.9	1.25	0.1	1.51  PL	0.22
090531A	178.672	7.824	1.1	32	13	1	1.3	0.2	0.86  CPL	0.42
090530	179.400	26.590	1.9	48	11	1	2.5	0.3	1.61  PL	0.17
090529	212.446	24.450	2.0	NA	6.8	1.7	0.4	0.1	2.00  PL	0.3
090520	11.613	-8.000	3	20	3.4	0.5	NA	NA	0.8  PL	0.2
090519	142.317	0.190	2.0	64	12	1	0.6	0.2	1.02  PL	0.20
090518	119.957	0.778	1.2	6.9	4.7	0.4	2.4	0.2	1.54  PL	0.14
090516A	138.246	-11.848	1.5	210	90	6	1.6	0.2	1.84  PL	0.11
090515	164.166	14.469	2.1	0.036	0.2	0.03	5.7	0.9	0.05  CPL	1.36
090510	333.552	-26.598	1.7	0.3	3.4	0.4	9.7	1.1	0.98  PL	0.20
090509	241.422	-28.385	2.1	335	33	4	1.5	0.3	1.75  PL	0.20
090429B	210.672	32.167	1.3	5.5	3.1	0.3	1.6	0.2	0.47  NA	0.77
090429A	90.573	-52.389	1.7	188	10	2	0.6	0.1	1.55  PL	0.22
090426	189.082	32.978	1.7	1.2	1.8	0.3	2.4	0.3	1.93  PL	0.22
090424	189.531	16.829	1.0	48	210	0.0	71.0	2.0	1.19  CPL	0.15
090423	148.891	18.165	1.1	10.3	5.9	0.4	1.7	0.2	0.80  CPL	0.50
090422	294.746	40.398	2.0	8.5 	2.3	0.4	1.7	0.2	1.72  PL	0.30
090419	197.006	-75.615	2.1	450	25	2	0.4	0.1	1.38  PL	0.16
090418B	225.910	17.224	1.9	65.0	160	NA	NA	NA	1.42  CPL	NA
090418A	269.320	33.407	1.4	56	46	2	1.9	0.3	1.48  PL	0.07
090417B	209.687	47.015	1	NA	23	2	0.3	0.1	1.85  PL	0.14
090417A	34.993	-7.141	2.8	0.072	0.19	0.05	3.6	1.0	0.65  CPL	2.11
090410	334.956	15.419	1.8	165	56	2	1.9	0.1	1.19  PL	0.05
090407	68.979	-12.684	2.2	310	11	2	0.6	0.1	1.73  PL	0.29
090404	239.233	35.518	1.0	84	30	1	1.9	0.2	2.32  PL	0.08
090401B	95.095	-8.963	1.0	183	100	0	23.1	0.5	1.37 NA	0.05
090401A	350.920	29.762	1.0	112	110	0	10.9	0.5	1.70  PL	0.05
090313	198.400	8.086	2.2	79	14	2	0.8	0.3	1.91  PL	0.29
090309A	284.978	-25.274	2.3	3.0	1.3	0.3	0.9	0.2	1.36  PL	0.33
090308A	183.545	-48.754	3.4	48	2.6	0.6	0.1	0.0	2.33  PL	0.37
090307A	245.007	-28.647	3.3	22	2.6	0.6	0.2	0.1	1.08  PL	0.39
090306B	231.204	-6.958	2.8	20.4	31	NA	2.5	NA	1.02  CPL	NA
090305A	241.764	-31.572	2.3	0.4	0.75	0.13	1.9	0.4	0.86  PL	0.33
090301A	338.142	26.639	1.0	41.0	230	3	18.7	0.6	1.08  CPL	0.12
090205	220.917	-27.848	2.0	8.8	1.9	0.3	0.5	0.1	2.15  PL	0.23
090201	92.051	-46.604	1.0	83	300	10	14.7	1.0	0.88  CPL	0.18
090129	269.105	-32.793	1.0	17.5	21	1	3.7	0.2	1.88  PL	0.06
090123	6.794	-23.503	1.5	131	29	2	1.7	0.3	1.74  PL	0.12
090118	49.865	18.478	3.7	16	4.0	NA	NA	NA	1.35  PL	NA
090113	32.067	33.436	1.0	9.1	7.6	0.4	2.5	0.2	1.60  PL	0.10
090111	251.656	0.067	1.4	24.8	6.2	0.6	0.9	0.2	2.37  PL	0.17
090107A	302.409	4.744	2.4	12.2	2.3	0.5	1.1	0.2	1.69  PL	0.27
090102	128.248	33.107	1.4	27.0	0.68	0.03	5.5	0.8	1.36  PL	0.08
081230	37.330	-25.145	1.4	60.7	8.2	0.8	0.7	0.1	1.97 NA	0.16
081228	39.477	30.833	2.3	3.0	0.89	0.18	0.6	0.1	2.10  PL	0.31
081226A	120.478	-69.014	2.1	0.4	0.99	0.18	2.4	0.4	1.36  PL	0.29
081222	22.748	-34.095	1.0	24	48	1	7.7	0.2	1.08  CPL	0.15
081221	15.801	-24.542	1.0	34	181	3	18.2	0.5	1.21  CPL	0.13
081211B	168.231	53.845	3.0	NA	6.1	NA	NA	NA	1.73  PL	NA
081211A	328.082	-33.818	2.3	3.5	1.3	0.3	0.8	0.2	2.34  PL	0.41
081210	70.485	-11.263	1.0	146	18	2	2.5	0.2	1.42  PL	0.14
081203B	228.789	44.427	3.0	23.4	21	NA	NA	NA	1.65  PL	NA
081203A	233.071	63.514	1.1	294	77	3	2.9	0.2	1.54  PL	0.06
081128	20.800	38.123	1.0	100	23	2	1.3	0.2	1.08  CPL	0.45
081127	332.075	6.858	2.4	37	4.9	1.0	0.6	0.2	2.10  PL	0.35
081126	323.526	48.714	1.0	54	33	1	3.7	0.2	1.27  PL	0.06
081121	89.282	-60.612	1.4	14	41	3	4.4	1.0	0.43  CPL	0.54
081118	82.572	-43.305	1.6	67	12	1	0.6	0.2	2.10  PL	0.16
081109A	330.798	-54.711	1.0	190	36	2	1.1	0.0	1.72  PL	0.09
081104	100.500	-54.722	1.3	59.1	20	2	1.0	0.3	2.00  PL	0.14
081102	331.178	52.991	1.1	63	23	2	1.4	0.3	1.73  PL	0.13
081101	95.836	-0.112	1.7	0.20	0.62	0.10	3.6	0.5	0.24  CPL	1.12
081029	346.776	-68.179	2.2	270	21	2	0.5	0.2	1.43  PL	0.18
081028A	121.893	2.305	1.2	260	37	2	0.5	0.1	1.25  PL	0.38
081025	245.298	60.466	2.8	23	19	2	1.3	0.2	1.12  PL	0.05
081024A	27.891	61.352	1.7	1.8	1.2	0.2	1.1	0.1	1.23  PL	0.21
081022	226.584	12.409	1.4	160	25	2	0.6	0.1	1.67  PL	0.11
081017	230.209	-32.790	2.3	320	14	2	0.07	0.01	1.64  PL	0.23
081016B	14.582	-43.536	2.3	2.6	0.99	0.18	0.5	0.1	0.92  PL	0.32
081012	30.184	-17.627	1.8	29	11	1	1.0	0.2	1.03  PL	0.18
081011	220.363	33.548	2.3	9	1.6	0.3	0.4	0.1	1.47  PL	0.28
081008	279.968	-57.433	1.1	185.5	43	2	1.3	0.1	1.69  PL	0.07
081007	339.963	-40.146	1.5	10.0	7.1	0.8	2.6	0.4	2.51  PL	0.20
080928	95.061	-55.176	2.3	280	25	2	2.1	0.1	1.77  PL	0.12
080919	265.221	-42.375	1.9	0.6	0.72	0.11	1.2	0.2	1.10  PL	0.26
080916B	163.632	69.061	2.1	32	6.3	0.9	0.6	0.2	1.49  PL	0.23
080916A	336.289	-57.026	1.0	60	40	1	2.7	0.2	1.17  CPL	0.21
080915B	213.088	-11.491	1.0	3.9	9.9	0.6	8.5	0.3	1.48  CPL	0.35
080915A	17.911	-76.042	2.4	14	2.3	0.5	0.5	0.1	1.64  PL	0.29
080913	65.741	-25.127	1.5	8	5.6	0.6	1.4	0.2	0.46  CPL	0.70
080906	228.055	-80.540	1.7	147	35	2	1.0	0.2	1.59  PL	0.09
080905B	301.746	-62.568	1.9	128	18	2	0.5	0.1	1.78  PL	0.15
080905A	287.663	-18.865	2.1	1.0	1.4	0.2	1.3	0.2	0.85  PL	0.24
080903	86.790	51.256	1.0	66	14	1	0.8	0.1	0.84  CPL	0.52
080822B	63.560	25.760	3.6	64	1.7	0.6	0.06	0.02	2.54  PL	0.5
080810	356.783	0.310	1.2	106	46	2	2.0	0.2	1.34  PL	0.06
080805	314.231	-62.433	1.0	78	25	1	1.1	0.1	1.53  PL	0.07
080804	328.675	-53.189	1.2	34	36	2	3.1	0.4	1.19  PL	0.09
080802	270.729	-32.329	1.6	176	13	2	0.3	0.0	1.76  PL	0.19
080727C	32.638	64.130	1.0	79.7	52	2	2.3	0.2	0.87  CPL	0.20
080727B	276.871	1.173	1.0	8.6	31	1	7.6	0.2	0.80  CPL	0.17
080727A	208.416	-18.572	2.4	4.9	1.3	0.3	0.3	0.2	1.25  PL	0.34
080725	121.699	-13.984	1.3	120	37	2	2.3	0.3	1.50  PL	0.10
080723A	274.461	-6.910	1.6	17.3	3.3	0.4	0.9	0.1	1.77  PL	0.21
080721	224.481	-11.709	1.3	16.2	120	10	20.9	1.8	1.11  PL	0.08
080714	188.104	-60.274	1.0	33	25	1	4.2	0.3	1.52  PL	0.08
080710	8.259	19.484	2.3	120	14	2	1.0	0.2	1.47  PL	0.23
080707	32.627	33.100	1.8	27.1	5.2	0.6	1.0	0.1	1.77  PL	0.19
080703	101.822	-63.211	2.2	3.4	2.0	0.3	1.0	0.2	1.53  PL	0.22
080702B	355.616	-5.424	3.5	20	5.0	0.9	0.5	0.1	1.44  PL	0.13
080702A	313.049	72.278	3.0	0.5	0.36	0.10	0.7	0.2	1.34  PL	0.42
080701	45.944	75.481	1.4	18	7.1	0.7	2.2	0.2	2.24  PL	0.17
080623	237.667	-62.044	1.4	15.2	10	1	2.0	0.3	1.35  NA	0.15
080613B	173.806	-7.102	1.0	105	58	2	2.7	0.2	1.39  PL	0.06
080607	194.964	15.910	1.0	79	240	0.0	23.1	1.1	1.31  PL	0.04
080605	262.130	4.010	1.0	20	133	2	19.9	0.6	1.11  CPL	0.14
080604	236.960	20.557	2.0	82	8.0	0.9	0.4	0.1	1.78  PL	0.18
080603B	176.554	68.061	1.0	60	24	1	3.5	0.2	1.21  CPL	0.30
080602	19.177	-9.239	1.7	74	32	2	2.9	0.2	1.43  PL	0.13
080524	268.449	80.143	2.5	9	2.9	0.5	0.4	0.2	1.1  PL	0.2
080523	20.769	-64.060	1.7	102	8.8	1.0	0.5	0.1	1.65  PL	0.18
080520	280.179	-54.964	2.4	2.8	0.55	0.17	0.5	0.1	2.90  PL	0.51
080517	102.274	50.741	2.4	64.6	5.6	1.2	0.6	0.2	1.54  PL	0.33
080516	120.661	-26.146	2.1	5.8	2.6	0.4	1.8	0.3	1.82  PL	0.27
080515	3.166	32.564	1.6	21	20	3	3.9	0.7	0.94  CPL	1.21
080506	329.467	38.961	2.5	150	13	2	0.4	0.1	1.87  PL	0.19
080503	286.686	68.803	3.5	170	20	1	0.9	0.1	2.00  PL	0.13
080430	165.331	51.682	1.0	16.2	12	1	2.6	0.2	1.73  PL	0.09
080426	26.510	69.469	1.1	1.7	3.7	0.3	4.8	0.3	1.98  PL	0.13
080413B	326.138	-19.981	1.0	8.0	32	1	18.7	0.8	1.26  CPL	0.27
080413A	287.301	-27.677	1.0	46	35	1	5.6	0.2	1.57  PL	0.06
080411	37.961	-71.297	1.0	56	264	1	43.2	0.9	1.75  PL	0.03
080409	84.304	5.078	2.0	20.2	6.1	0.7	3.7	0.3	2.10  PL	0.20
080330	169.278	30.607	1.8	61	3.4	0.8	0.9	0.2	2.53  PL	0.45
080328	80.490	47.523	1.0	90.6	94	2	5.5	0.3	1.52  PL	0.04
080325	277.906	36.516	2.0	128.4	49	4	1.4	0.6	1.68  PL	0.17
080320	177.763	57.162	1.8	14	2.7	0.4	0.6	0.1	1.70  PL	0.22
080319D	99.479	23.982	2.6	24	3.2	0.7	0.1	0.1	1.92  PL	0.35
080319C	259.006	55.393	1.0	34	36	1	5.2	0.3	1.37  PL	0.07
080319B	217.919	36.300	1.0	NA	810	10	24.8	0.5	1.04  PL	0.02
080319A	206.352	44.080	1.7	64	48	4	1.2	0.2	1.60  PL	0.13
080315	155.124	41.701	3.3	65	1.4	0.5	0.04	0.01	2.51  PL	0.59
080310	220.040	-0.164	1.4	365	23	2	1.3	0.2	2.32  PL	0.16
080307	136.629	35.151	1.6	125.9	8.7	1.2	0.4	0.1	1.78  PL	0.21
080303	112.019	-70.231	1.6	67	6.6	1.0	1.4	0.2	1.54  PL	0.25
080229A	228.220	-14.697	1.5	64	90	2	5.7	0.2	1.91  PL	0.06
080218B	177.927	-53.086	2.0	6.2	5.1	1.0	3.1	0.6	0.11  CPL	2.44
080218A	355.941	12.159	2.5	27.6	6.3	1.4	1.4	0.4	2.34  PL	0.35
080212	231.145	-22.739	1.5	123	29	3	1.2	0.3	0.31  CPL	0.64
080210	251.259	13.826	1.1	45	18	1	1.6	0.2	1.77  PL	0.12
080207	207.514	7.492	1.2	340	61	2	1.0	0.3	1.17  CPL	0.27
080205	98.261	62.782	1.5	106.5	21	1	1.4	0.2	2.08  PL	0.12
080130	261.632	-53.190	2.8	65	7.7	2.8	0.2	0.1	1.21  PL	0.12
080129	105.297	-7.840	2.4	48	8.9	1.4	0.2	0.1	1.34  PL	0.26
080123	338.974	-64.930	4.1	115	5.7	1.7	1.8	0.4	2.15  PL	0.54
080121	137.235	41.841	3	0.7	0.3	0.2	NA	NA	2.6  PL	0.8
071227	58.132	-55.959	1.7	1.8	2.2	0.3	1.6	0.2	0.99  PL	0.22
071129	220.039	-26.667	2.2	420	35	3	0.9	0.2	1.94  PL	0.16
071122	276.576	47.102	2.3	68.7	5.8	1.1	0.4	0.2	1.77  PL	0.31
071118	299.839	70.130	2.7	71	5.0	1.0	0.3	0.1	1.63  PL	0.29
071117	335.026	-63.442	1.0	6.6	24	1	11.3	0.4	1.57  PL	0.06
071112C	39.218	28.368	1.0	15	30	4	8	1	1.09  PL	0.07
071112B	260.213	-80.884	2.2	0.30	0.48	0.09	1.3	0.3	0.69  PL	0.34
071101	48.179	62.524	2.7	9.0	0.76	0.26	0.4	0.1	2.25  PL	0.58
071031	6.399	-58.048	2.1	180	9.0	1.3	0.5	0.1	2.42  PL	0.29
071028B	354.163	-31.630	3	55	2.5	0.8	1.4	0.5	1.45  PL	0.25
071028A	119.828	21.473	2.2	27.0	3.0	0.5	0.3	0.1	1.87  PL	0.26
071025	355.065	31.784	1.3	109	65	2	1.6	0.2	1.79  PL	0.05
071021	340.573	23.764	3.4	225	13	2	0.7	0.1	1.70  PL	0.21
071020	119.666	32.857	1.0	4.2	23	1	8.4	0.3	1.11  PL	0.05
071018	164.685	53.822	2.1	376.0	10	2	0.2	0.1	1.63  PL	0.26
071013	279.501	33.846	2.5	26	3.2	0.7	0.4	0.2	1.60  PL	0.36
071011	8.395	61.132	1.3	61	0.22	0.02	1.7	0.3	1.41  PL	0.12
071010C	338.054	66.159	NA	NA	NA	NA	NA	NA	NA	NA NA
071010B	150.531	45.733	1.0	NA	44	1	7.7	0.3	1.53  CPL	 NA
071010A	288.040	-32.385	2.5	6	2.0	0.4	0.8	0.3	2.33  PL	0.37
071008	151.571	44.303	2.0	18	2.4	0.4	0.5	0.1	2.23  PL	0.27
071006	335.294	-23.147	1.9	50	1.4	0.2	13	3	0.75  PL	0.21
071003	301.857	10.954	1.0	150	83	3	6.3	0.4	1.36  PL	0.07
071001	149.707	-59.763	2	58.5	7.7	0.8	0.9	0.1	1.62  PL	0.17
070923	184.623	-38.294	2.1	0.05	0.5	0.09	2.4	0.4	1.02  PL	0.29
070920B	0.127	-34.844	1	20.2	6.6	0.5	0.8	0.1	0.67  CPL	NA
070920A	100.968	72.250	2.1	56	5.1	0.7	0.3	0.1	1.69  PL	0.21
070917	293.923	2.420	1.0	7.3	20	1	8.5	0.3	1.52  PL	0.05
070913	228.737	-24.278	1.7	3.2	2.5	0.3	1.4	0.2	1.61  PL	0.19
070911	25.819	-33.484	1.5	162	120	2	3.9	0.2	1.72  PL	0.04
070810B	8.952	8.822	2.5	0.08	0.12	0.03	1.8	0.4	1.44  PL	0.37
070810A	189.947	10.747	1.3	11.0	6.9	0.6	1.9	0.2	2.04  PL	0.14
070809	203.767	-22.119	1.7	1.3	1.0	0.1	1.2	0.2	1.69  PL	0.22
070808	6.761	1.180	1.2	32	12	1	2.0	0.2	1.47  PL	0.14
070805	245.057	-59.957	1.5	31.0	7.2	0.8	0.7	0.2	1.84  PL	0.20
070802	36.903	-55.517	2.0	16.4	2.8	0.5	0.4	0.1	1.79  PL	0.27
070731	328.581	-15.740	1.9	2.9	1.6	0.3	1.2	0.2	1.65  PL	0.23
070729	56.296	-39.330	2.2	0.9	1.0	0.2	1.0	0.2	0.27	NA NA
070724A	27.824	-18.610	1.2	0.4	0.3	0.07	1.0	0.2	1.81  PL	0.33
070721B	33.128	-2.198	1.2	340	36	2	1.5	0.3	1.34  PL	0.11
070721A	3.144	-28.530	2.3	3.4	    0.71	0.18	0.7	0.1	2.46  PL	0.41
070714B	57.853	28.294	1.4	64	    7.2	0.9	2.7	0.2	1.36  PL	0.19
070714A	42.933	30.241	1.3	2.0	    1.5	0.2	1.8	0.2	2.6  PL	0.2
070704	354.707	66.257	1.6	380	    59	3	2.1	0.2	1.79  PL	0.08
070628	115.271	-20.281	1.3	39.1	35	    2	5.1	0.3	1.91  PL	0.09
070621	323.806	-24.809	1.0	33.3	43	    1.0	2.5	0.3	1.57  PL	0.06
070616	32.096	56.946	2.6	402.4	192.00	3.47	1.93	0.14	1.61  PL	0.04
070612B	261.716	-8.747	1.1	13.5	16.80	1.16	2.47	0.39	1.55  PL	0.11
070612A	121.355	37.258	1.4	368.8	106.00	6.01	1.51	0.38	1.69  PL	0.10
070611	2.004	-29.756	1.9	12.2	3.91	0.57	0.82	0.21	1.66  PL	0.22
070531	6.714	74.315	1.7	44.5	10.80	1.27	1.00	0.22	1.41  PL	0.20
070529	283.717	20.648	1.7	109.2	25.70	2.45	1.43	0.36	1.34  PL	0.16
070521	242.659	30.260	1.1	37.9	80.10	1.77	6.53	0.27	1.1  CPL	 NA
070520B	121.886	57.588	1.8	65.8	9.25	1.09	0.43	0.14	1.14  PL	0.21
070520A	193.255	75.005	2.2	18.1	2.50	0.54	0.44	0.15	1.60  PL	0.33
070518	254.219	55.289	1.8	5.5	    1.62	0.24	0.68	0.13	2.11  PL	0.25
070517	277.556	-62.305	1.9	7.6	    2.15	0.35	0.95	0.17	1.94  PL	0.25
070509	237.874	-78.657	1.7	7.7	    1.75	0.25	0.68	0.12	2.33  PL	0.25
070508	312.832	-78.382	1.0	20.9	196.00	2.73	24.10	0.61	1.1  CPL	NA
070506	347.203	10.711	1.9	4.3	    2.10	0.23	0.96	0.13	1.73  PL	0.17
070429B	328.006	-38.857	1.8	0.47	0.63	0.10	1.76	0.24	1.72  PL	0.23
070429A	297.695	-32.420	2.5	163.3	9.10	1.43	0.41	0.15	2.10  PL	0.27
070427	28.871	-27.603	1.0	11.1	7.20	0.36	1.34	0.13	2.08  PL	0.10
070420	121.245	-45.564	1.0	76.5	140.00	4.48	7.12	0.76	1.2  CPL	 NA
070419B	315.709	-31.266	1.0	236.4	73.60	1.95	1.38	0.17	1.66  PL	0.05
070419A	182.755	39.903	2.3	115.6	5.58	0.83	0.20	0.10	2.35  PL	0.25
070412	181.525	40.133	1.5	33.8	4.84	0.66	0.66	0.12	1.45  PL	0.20
070411	107.342	1.061	1.5	121.5	27.00	1.55	0.91	0.13	1.72  PL	0.10
070406	198.956	16.530	3.3	1.2	     0.36	0.12	0.37	0.11	1.38  PL	0.60
070330	269.533	-63.799	1.9	9.0	     1.83	0.31	0.88	0.14	2.06  PL	0.22
070328	65.113	-34.079	1.0	75.3	90.60	1.79	4.22	0.24	1.24  PL	0.04
070326	40.337	-66.989	NA	NA	     3.45	NA	NA	NA	1.44  PL	NA
070318	48.486	-42.950	1.0	74.6	24.80	1.12	1.76	0.15	1.42  PL	0.08
070306	148.154	10.440	2.7	209.5	53.80	2.86	4.07	0.21	1.66  PL	0.10
070227	120.578	-46.302	2.3	7	   16.20	2.49	4.62	1.27	1.53  PL	0.27
070224	178.988	-13.355	2.0	34.5	3.05	0.51	0.34	0.11	2.42  PL	0.30
070223	153.453	43.132	1.2	88.5	17.00	1.20	0.69	0.15	1.85  PL	0.12
070220	34.800	68.800	1.0	129.0	104.00	2.33	5.88	0.29	1.40  PL	0.04
070219	260.220	69.345	1.9	16.6	3.19	0.44	0.67	0.13	1.78  PL	0.22
070209	46.213	-47.376	2.8	0.09	0.22	0.05	0.38	0.13	1.00  PL	0.38
070208	197.891	61.942	3.6	47.7	4.45	1.01	0.90	0.22	1.94  PL	0.36
070129	36.995	11.728	2.7	460.6	29.80	2.67	0.55	0.12	2.01  PL	0.15
070126	33.503	-73.553	3.7	51	    1.63	0.62	NA	NA	2.03  PL	0.51
070110	0.934	-52.978	1.1	88.400	16.20	1.08	0.60	0.12	1.58  PL	0.12
070107	159.422	-53.202	1.1	347.300	51.70	2.64	1.97	0.23	1.33  PL	0.10
070103	352.581	26.823	2.7	18.600	3.38	0.46	1.04	0.15	1.95  PL	0.21
061222B	105.353	-25.866	1.2	40.000	22.40	1.83	1.59	0.36	1.97  PL	0.13
061222A	358.254	46.524	1.2	71.400	79.90	1.58	8.53	0.26	1.35  PL	0.04
061218	149.260	-35.217	3.5	6.500	0.41	0.15	0.26	0.12	2.75  PL	0.63
061217	160.403	-21.152	2.2	0.210	0.42	0.07	1.49	0.24	0.86  PL	0.30
061210	144.521	15.613	2.3	85.300	11.10	1.76	5.31	0.47	1.56  PL	0.28
061202	105.255	-74.602	4.0	91.200	34.20	1.33	2.51	0.17	1.58  PL	0.07
061201	332.079	-74.568	1.2	0.760	3.34	0.27	3.86	0.31	0.81  PL	0.15
061126	86.615	64.204	1.0	70.800	67.70	2.21	9.76	0.38	1.32  PL	0.06
061121	147.228	-13.188	1.0	81.300	137.00	1.99	21.10	0.46	1.41  PL	0.03
061110B	323.912	6.872	1.6	134.000	13.30	1.21	0.45	0.11	1.03  PL	0.16
061110A	336.284	-2.252	1.1	40.700	10.60	0.76	0.53	0.12	1.67  PL	0.12
061102	148.394	-17.022	2.6	45.600	2.79	0.67	0.23	0.05	1.56  PL	0.37
061028	97.193	46.290	2.5	106.200	9.66	1.72	0.65	0.19	1.73  PL	0.30
061027	270.992	-82.239	3.7	150	    2.97	0.93	NA	NA	1.96  PL	0.46
061021	145.146	-21.953	1.0	46.200	29.60	1.01	6.11	0.27	1.30  PL	0.06
061019	91.675	29.527	3.1	183.800	25.90	4.05	2.12	0.44	1.92  PL	0.26
061007	46.299	-50.496	1.0	75.300	444.00	5.62	14.60	0.37	1.03  PL	0.03
061006	110.998	-79.195	1.8	129.900	14.20	1.42	5.24	0.21	1.72  PL	0.17
061004	97.795	-45.903	1.0	6.200	5.66	0.31	2.54	0.16	1.81  PL	0.10
061002	220.356	48.726	1.7	17.600	6.77	0.81	0.81	0.26	1.76  PL	0.21
060929	263.148	29.825	2.8	554.000	8.30	2.30	0.42	0.13	1.83  PL	0.44
060927	329.547	5.370	1.0	22.500	11.30	0.68	2.70	0.17	0.9  CPL	 NA
060926	263.926	13.039	1.4	8.000	2.19	0.25	1.09	0.14	2.54  PL	0.23
060923C	346.122	3.943	2.1	75.800	15.80	2.24	0.96	0.36	2.27  PL	0.24
060923B	238.193	-30.907	1.6	8.600	4.80	0.62	1.52	0.33	2.50  PL	0.25
060923A	254.623	12.341	2.1	51.700	8.69	1.33	1.32	0.26	1.70  PL	0.23
060919	276.900	-50.994	1.6	9.100	5.46	0.64	2.12	0.30	1.85  PL	0.19
060912A	5.285	20.971	1.0	5.000	13.50	0.62	8.58	0.44	1.74  PL	0.09
060908	31.828	0.335	1.1	19.300	28.00	1.11	3.03	0.25	1.0  CPL	 NA
060906	40.709	30.362	2.5	43.500	22.10	1.36	1.97	0.28	2.03  PL	0.11
060904B	58.218	-0.729	1.0	171.500	16.20	1.43	2.44	0.21	1.64  PL	0.14
060904A	237.731	44.984	1.5	80.100	77.20	1.51	4.87	0.20	1.55  PL	0.04
060825	18.132	55.796	1.0	8.000	9.63	0.48	2.66	0.17	1.2  CPL	 NA
060814	221.338	20.591	1.0	145.300	146.00	2.39	7.27	0.29	1.53  PL	0.03
060813	111.890	-29.844	1.0	16.100	54.60	1.40	8.84	0.39	1.0  CPL	 NA
060807	252.520	31.591	1.8	54.000	8.48	1.09	0.83	0.16	1.58  PL	0.21
060805A	220.928	12.580	2.7	5.300	0.72	0.20	0.34	0.11	2.20  PL	0.42
060804	112.219	-27.225	1.9	17.800	5.98	0.99	1.13	0.29	1.73  PL	0.26
060801	212.989	16.988	1.8	0.490	0.80	0.10	1.27	0.16	0.47  PL	0.24
060729	95.287	-62.221	4.1	115.300	26.10	2.11	1.17	0.13	1.75  PL	0.14
060728	16.644	-41.390	3.0	60	    2.29	0.70	NA	NA	1.44  PL	0.44
060719	18.420	-48.381	1.3	66.900	15.00	0.91	2.16	0.20	1.91  PL	0.11
060717	170.857	28.982	2.6	3.000	0.65	0.16	0.54	0.11	1.70  PL	0.37
060714	227.855	-6.544	1.5	115.000	28.30	1.67	1.28	0.13	1.93  PL	0.11
060712	184.067	35.540	2.2	26.300	12.40	2.17	1.64	0.60	1.62  PL	0.33
060708	7.831	-33.751	1.0	10.200	4.94	0.37	1.94	0.14	1.68  PL	0.12
060707	357.069	-17.904	1.4	66.200	16.00	1.51	1.01	0.23	0.6  CPL	 NA
060614	320.877	-53.027	1.0	108.700	204.00	3.63	11.50	0.74	2.02  PL	0.04
060607B	42.043	14.755	1.1	31.100	16.40	1.17	1.46	0.25	1.65  PL	0.12
060607A	329.705	-22.496	1.0	102.200	25.50	1.12	1.40	0.13	1.47  PL	0.08
060605	322.128	-6.071	1.9	79.100	6.97	0.90	0.46	0.12	1.55  PL	0.20
060604	337.224	-10.945	3.7	95.000	4.02	1.06	0.34	0.13	2.01  PL	0.42
060602A	149.579	0.314	1.6	75.000	16.10	1.57	0.56	0.20	1.25  PL	0.16
060526	232.834	0.288	1.4	298.200	12.60	1.65	1.67	0.18	2.01  PL	0.24
060522	322.954	2.895	1.5	71.100	11.40	1.11	0.55	0.15	1.56  PL	0.15
060516	71.170	-18.126	2.4	161.600	10.20	1.58	0.34	0.23	2.19  PL	0.25
060515	127.277	73.561	1.5	52.000	14.10	1.28	0.82	0.20	1.14  PL	0.15
060512	195.748	41.209	1.9	8.500	2.32	0.40	0.88	0.20	2.48  PL	0.30
060510B	239.259	78.591	1.9	275.200	40.70	1.76	0.57	0.11	1.78  PL	0.08
060510A	95.860	-1.163	1.3	20.400	80.50	3.12	14.70	1.13	1.57  PL	0.07
060507	89.911	75.250	1.1	183.300	44.50	2.30	1.27	0.22	1.83  PL	0.09
060505	331.772	-27.815	3.9	4	    9.44	1.71	2.65	0.63	1.29  PL	0.28
060502B	278.927	52.618	2.4	0.131	0.40	0.05	0.62	0.12	0.98  PL	0.19
060502A	240.937	66.604	1.0	28.400	23.10	1.02	1.69	0.21	1.46  PL	0.08
060501	328.374	44.002	1.3	21.900	12.20	1.03	1.98	0.26	1.45  PL	0.14
060428B	235.369	62.016	1.6	57.900	8.23	0.81	0.66	0.15	0.8  CPL	 NA
060428A	123.540	-37.167	1.0	39.500	13.90	0.78	2.28	0.20	2.03  PL	0.11
060427	124.177	62.657	2.1	64.000	4.99	0.88	0.27	0.13	1.87  PL	0.29
060424	7.359	36.787	1.7	37.500	6.76	0.81	1.61	0.19	1.71  PL	0.19
060421	343.629	62.730	1.0	12.200	12.50	0.57	2.94	0.18	1.55  PL	0.08
060418	236.431	-3.640	1.0	103.100	83.30	2.53	6.52	0.35	1.70  PL	0.06
060413	291.287	13.746	1.9	147.700	35.60	1.47	0.93	0.12	1.68  PL	0.08
060403	282.338	8.327	1.0	30.100	13.50	0.73	0.95	0.13	1.08  PL	0.09
060323	174.421	50.000	1.4	25.400	6.22	0.67	0.78	0.15	1.54  PL	0.18
060322	274.230	-36.710	1.1	221.500	52.20	2.56	2.08	0.20	1.1  CPL	 NA
060319	176.379	60.038	2.0	10.600	2.64	0.34	1.09	0.14	2.33  PL	0.25
060313	66.625	-10.858	1.0	0.740	11.30	0.45	12.10	0.45	0.70  PL	0.07
060312	45.780	12.827	1.0	50.600	19.70	0.91	1.53	0.14	1.88  PL	0.09
060306	41.097	-2.163	1.0	61.200	21.30	1.18	5.97	0.35	1.80  PL	0.10
060223B	254.238	-30.812	1.0	10.300	16.00	0.56	2.87	0.20	1.49  PL	0.07
060223A	55.186	-17.134	1.2	11.300	6.73	0.48	1.35	0.18	1.74  PL	0.12
060219	241.851	32.309	2.1	62.100	4.28	0.80	0.56	0.17	2.56  PL	0.34
060218	50.380	16.910	2.5	2100	15.70	1.52	0.25	0.11	2.26  PL	0.17
060211B	75.085	14.959	1.8	27.700	4.38	0.59	0.73	0.13	1.57  PL	0.21
060211A	58.381	21.489	1.5	126.300	15.70	1.37	0.42	0.12	0.9  CPL	 NA
060210	57.727	27.015	1.0	255.000	76.60	4.09	2.72	0.28	1.53  PL	0.09
060206	202.933	35.046	1.0	7.600	8.31	0.42	2.79	0.17	1.2  CPL	 NA
060204B	211.805	27.675	1.0	139.400	29.50	1.78	1.35	0.15	0.8  CPL	 NA
060203	103.463	71.841	1.8	68.200	8.98	1.28	0.60	0.19	1.61  PL	0.23
060202	35.809	38.377	2.1	198.900	21.30	1.65	0.51	0.17	1.71  PL	0.13
060124	77.097	69.727	1.6	50	    4.61	0.53	0.89	0.18	1.84  PL	0.19
060123	179.750	45.513	NA	900	3.0	NA	0.04	NA	1.9  PL  	NA
060117	327.912	-59.982	1.0	16.900	202.00	3.71	48.30	1.56	1.5  CPL	 NA
060116	84.698	-5.438	1.7	105.900	24.10	2.61	1.11	0.32	1.43  PL	0.18
060115	54.007	17.339	2.0	139.600	17.10	1.50	0.87	0.12	1.0  CPL	 NA
060111B	286.456	70.380	1.5	58.800	16.00	1.42	1.40	0.27	1.01  PL	0.17
060111A	276.193	37.600	1.0	13.200	12.00	0.58	1.71	0.15	0.9  CPL	 NA
060110	72.737	28.428	1.0	26.000	15.70	0.70	1.89	0.16	1.64  PL	0.08
060109	282.735	32.011	3.0	115.400	6.55	1.03	0.47	0.12	1.93  PL	0.24
060108	147.013	31.935	1.3	14.300	3.69	0.37	0.77	0.12	2.03  PL	0.17
060105	297.485	46.356	1.0	54.400	176.00	3.04	7.44	0.36	1.07  PL	0.04
060102	328.839	-1.837	2.6	19.000	2.34	0.50	0.38	0.12	1.23  PL	0.39
051227	125.231	31.949	2.1	114.600	6.99	1.08	0.95	0.12	1.45  PL	0.24
051221B	312.378	53.041	1.6	39.900	9.17	1.04	0.54	0.20	1.34  PL	0.19
051221A	328.715	16.888	1.0	1.400	11.50	0.35	12.00	0.39	1.39  PL	0.06
051213	252.084	-59.233	1.8	71.100	7.82	1.03	0.48	0.14	1.63  PL	0.20
051210	330.192	-57.622	1.9	1.300	0.85	0.14	0.75	0.12	1.06  PL	0.28
051117B	85.205	-19.286	2.4	9.000	1.77	0.37	0.49	0.14	1.53  PL	0.31
051117A	228.398	30.868	1.0	136.300	43.40	1.55	0.95	0.16	1.82  PL	0.07
051114	226.290	60.154	1.9	2.2	     1.28	0.23	0.70	0.15	1.21  PL	0.28
051113	187.242	-26.395	1.4	93.300	25.60	2.14	2.25	0.32	1.72  PL	0.14
051111	348.136	18.367	1.0	46.100	40.80	1.34	2.66	0.21	1.32  PL	0.06
051109B	345.469	38.663	2.0	14.300	2.56	0.41	0.55	0.13	1.97  PL	0.24
051109A	330.316	40.850	1.9	37.200	22.00	2.72	3.94	0.69	1.51  PL	0.20
051105A	265.279	34.916	2.6	0.093	0.22	0.04	0.32	0.12	1.22  PL	0.30
051021B	126.059	-45.534	1.3	46.500	8.35	0.91	0.80	0.14	0.6  CPL	 NA
051016B	132.123	13.629	1.6	4.000	1.70	0.22	1.30	0.16	2.40  PL	0.23
051016A	122.814	-18.299	2.0	23.000	8.37	1.38	1.39	0.38	1.89  PL	0.27
051012	270.513	-52.799	2.2	13	    3.04	0.42	0.53	0.13	2.19  PL	0.24
051008	202.865	42.103	1.0	NA	   50.90	1.45	5.44	0.35	1.13  PL	0.05
051006	110.807	9.510	1.4	34.800	13.40	1.41	1.62	0.30	1.51  PL	0.17
051001	350.984	-31.515	2.3	189.100	17.40	1.47	0.49	0.11	2.05  PL	0.15
050925	303.490	34.329	1.4	0.070	0.76	0.09	10.00	1.19	0.4  CPL	 NA
050922C	317.383	-8.764	1.0	4.500	16.20	0.54	7.26	0.32	1.37  PL	0.06
050922B	5.790	-5.607	2.6	150.900	22.30	3.56	1.01	0.36	2.17  PL	0.26
050916	135.979	-51.406	2.9	49.500	9.29	1.27	0.65	0.23	1.76  PL	0.21
050915B	219.109	-67.411	1.0	40.900	33.80	1.37	2.31	0.21	1.4  CPL	 NA
050915A	81.688	-28.014	1.4	52.000	8.50	0.88	0.77	0.14	1.39  PL	0.17
050911	13.710	-38.856	2.4	16.200	3.17	0.58	1.33	0.20	1.84  PL	0.28
050908	20.457	-12.950	1.5	19.400	4.83	0.51	0.70	0.14	1.88  PL	0.17
050906	52.802	-14.621	3.3	0.258	0.06	0.02	NA	NA	2.46  PL	0.43
050904	13.770	14.189	2.7	174.200	48.30	1.80	0.62	0.17	1.25  PL	0.07
050827	64.294	18.219	1.0	50.000	21.00	1.21	1.84	0.20	1.38  PL	0.10
050826	87.761	-2.658	2.0	35.500	4.13	0.72	0.38	0.13	1.16  PL	0.31
050824	12.264	22.602	2.1	22.600	2.66	0.52	0.50	0.15	2.76  PL	0.38
050822	51.106	-46.030	1.7	103.400	24.60	1.72	2.24	0.22	2.37  PL	0.14
050820B	135.607	-72.640	1.0	12.000	20.60	0.58	3.95	0.18	0.6  CPL	 NA
050820A	337.416	19.560	1.1	26	   34.40	2.42	2.45	0.23	1.25  PL	0.12
050819	358.751	24.871	2.0	37.700	3.50	0.55	0.38	0.12	2.71  PL	0.29
050815	293.584	9.139	1.9	2.900	0.79	0.15	0.55	0.12	0.9  CPL	 NA
050814	264.196	46.324	2.0	150.900	20.10	2.20	0.71	0.25	1.80  PL	0.17
050813	242.001	11.244	2.8	0.450	0.44	0.11	0.94	0.23	1.28  PL	0.37
050803	350.650	5.788	1.2	87.900	21.50	1.35	0.96	0.11	1.38  PL	0.11
050802	219.283	27.799	1.3	19.000	20.00	1.57	2.75	0.44	1.54  PL	0.13
050801	204.144	-21.930	1.5	19.400	3.10	0.48	1.46	0.14	1.99  PL	0.25
050730	212.069	-3.754	1.3	156.500	23.80	1.52	0.55	0.14	1.53  PL	0.11
050726	200.024	-32.064	1.8	49.900	19.40	2.12	1.38	0.38	0.90  PL	0.21
050724	246.175	-27.526	1.9	96.000	9.98	1.20	3.26	0.30	1.89  PL	0.22
050721	253.453	-28.386	1.9	98.400	36.20	3.16	2.24	0.46	1.90  PL	0.15
050717	214.348	-50.541	1.0	85.000	63.10	1.75	6.23	0.31	1.30  PL	0.05
050716	338.593	38.683	1.0	69.100	61.70	2.43	2.18	0.35	0.8  CPL	 NA
050715	155.641	-0.029	1.3	51.600	14.90	1.38	1.05	0.14	1.60  PL	0.15
050714B	169.691	-15.547	2.4	46.700	5.95	1.05	0.52	0.22	2.45  PL	0.30
050713B	307.821	60.936	2.1	54.200	31.80	3.18	1.60	0.50	1.39  PL	0.17
050713A	320.585	77.072	1.0	124.700	51.10	2.12	4.67	0.33	1.53  PL	0.08
050712	77.722	64.924	1.7	51.600	10.80	1.19	0.55	0.18	1.50  PL	0.18
050701	227.241	-59.399	2.0	21.800	13.60	0.68	2.74	0.18	1.70  PL	0.09
050607	300.180	9.139	1.3	26.400	5.92	0.55	0.95	0.14	1.92  PL	0.16
050603	39.982	-25.175	1.1	12.400	63.60	2.29	21.50	1.07	1.16  PL	0.06
050528	353.524	45.957	2.1	11.300	4.48	0.70	1.18	0.30	2.27  PL	0.26
050525A	278.142	26.335	1.0	8.800	153.00	2.21	41.70	0.94	1.0  CPL	 NA
050509B	189.046	28.974	2.5	0.073	0.09	0.02	0.28	0.10	1.57  PL	0.38
050509A	310.573	54.076	1.2	11.400	3.41	0.34	0.90	0.12	2.11  PL	0.18
050507	48.063	-11.064	2.1	NA	    1.67	0.32	0.29	0.13	1.53  PL	0.29
050505	141.760	30.266	1.3	58.900	24.90	1.79	1.85	0.31	1.41  PL	0.12
050502B	142.535	16.987	1.2	17.700	4.78	0.42	1.42	0.13	1.59  PL	0.14
050422	324.507	55.788	1.8	59.300	6.07	0.74	0.57	0.11	1.41  PL	0.19
050421	307.341	73.678	2.7	15.000	1.45	0.40	0.26	0.19	1.56  PL	0.43
050418	44.334	-18.541	1.0	82.300	52.10	1.83	3.68	0.28	1.71  PL	0.07
050416B	133.848	11.186	1.3	3.400	10.80	0.97	5.93	0.61	0.4  CPL	 NA
050416A	188.485	21.058	1.5	2.500	3.67	0.37	4.88	0.48	3.08  PL	0.22
050412	181.099	-1.193	1.5	26.500	6.18	0.55	0.48	0.05	0.74  PL	0.17
050410	89.757	79.605	1.1	42.500	41.50	2.25	1.80	0.36	0.8  CPL	 NA
050406	34.410	-50.180	2.5	5.400	0.68	0.14	0.36	0.10	2.43  PL	0.35
050401	247.873	2.185	1.0	33.300	82.20	3.06	10.70	0.92	1.40  PL	0.07
050326	6.871	-71.377	1.0	29.300	88.60	1.55	12.20	0.39	1.25  PL	0.04
050319	154.172	43.581	2.4	152.500	13.10	1.48	1.52	0.21	2.02  PL	0.19
050318	49.695	-46.386	1.0	32	    10.80	0.77	3.16	0.20	1.90  PL	0.10
050315	306.476	-42.591	1.1	95.600	32.20	1.46	1.93	0.22	2.11  PL	0.09
050306	282.309	-9.152	1.0	158.300	115.00	4.34	3.58	0.48	1.48  PL	0.07
050223	271.394	-62.465	1.5	22.500	6.36	0.65	0.69	0.16	1.85  PL	0.17
050219B	81.306	-57.758	1.0	30.700	158.00	5.00	24.80	1.53	1.0  CPL	 NA
050219A	166.416	-40.681	1.0	23.700	41.10	1.58	3.53	0.35	0.1  CPL	 NA
050215B	174.463	40.797	1.6	8.100	2.27	0.29	0.67	0.12	1.99  PL	0.19
050215A	348.403	49.328	2.6	87.300	7.08	1.08	0.49	0.13	1.46  PL	0.26
050202	290.584	-38.730	2.3	0.270	0.30	0.06	0.55	0.17	1.44  PL	0.32
050128	219.587	-34.765	1.1	19.200	50.20	2.29	7.42	0.73	0.7  CPL	 NA
050126	278.115	42.384	1.4	24.800	8.38	0.80	0.71	0.17	1.34  PL	0.15
050124	192.877	13.039	1.0	4.000	11.90	0.66	5.46	0.38	0.7  CPL	 NA
050117	358.479	65.939	1.0	166.600	88.10	2.33	2.35	0.17	1.2  CPL	 NA
041228	336.642	5.032	1.0	55.400	34.90	1.52	1.61	0.25	1.60  PL	0.08
041226	79.689	73.329	3.0	89.700	3.21	0.83	0.35	0.05	1.40  PL	0.43
041224	56.192	-6.663	2.0	177.200	87.30	3.48	2.94	0.30	1.1  CPL	 NA
041223	100.204	-37.068	1.0	109.100	167.00	2.79	7.35	0.32	1.11  PL	0.03
041220	291.288	60.598	1.0	5.600	3.83	0.28	1.81	0.14	1.66  PL	0.12
041219C	343.926	-76.744	1.0	4.800	13.10	0.73	2.45	0.25	2.02  PL	0.10
041219B	167.674	-33.458	7.0	30	NA	NA	NA	NA	NA	NA NA
041219A	6.154	62.847	7.0	520	   1550	NA	NA	NA	NA	NA NA
041217	164.793	-17.942	1.3	5.800	27.70	1.23	6.86	0.52	0.7  CPL	 NA
